iter, hl, mif1, avp, log_loss, hl_val, mif1_val, avp_val, log_loss_val, sparsity, HV_mu, HV_max, HV_min, HV_std, weight_mu, weight_std
1, 0.386206, 0.912788, 0.411618, 3.997741, 0.386278, 0.913108, 0.410716, 3.992996, 90894.859973, 0.032860, 0.032860, 0.032860, 0.000000, 0.000513, 0.998570
2, 0.386206, 0.912788, 0.411618, 3.997741, 0.386278, 0.913108, 0.410716, 3.992996, 90894.859973, 0.033738, 0.034617, 0.032860, 0.000878, 0.000513, 0.998570
3, 0.349561, 0.888498, 0.428413, 4.147919, 0.349617, 0.888655, 0.427591, 4.137872, 98809.590769, 0.036339, 0.041540, 0.032860, 0.003747, -0.000888, 1.085371
4, 0.349561, 0.888498, 0.428413, 4.147919, 0.349617, 0.888655, 0.427591, 4.137872, 98809.590769, 0.036935, 0.041540, 0.032860, 0.003405, -0.000888, 1.085371
5, 0.298765, 0.869739, 0.400109, 3.810193, 0.298838, 0.870161, 0.399514, 3.804496, 62251.286001, 0.040407, 0.054295, 0.032860, 0.007583, -0.001300, 0.683812
6, 0.349561, 0.888498, 0.428413, 4.147919, 0.349617, 0.888655, 0.427591, 4.137872, 98809.590769, 0.042635, 0.054295, 0.032860, 0.008528, -0.000888, 1.085371
7, 0.349561, 0.888498, 0.428413, 4.147919, 0.349617, 0.888655, 0.427591, 4.137872, 98809.590769, 0.045205, 0.060627, 0.032860, 0.010098, -0.000888, 1.085371
8, 0.270258, 0.854326, 0.388521, 4.879953, 0.270311, 0.854610, 0.387785, 4.871049, 116952.904637, 0.048496, 0.071531, 0.032860, 0.012847, -0.001575, 1.284169
9, 0.244060, 0.852187, 0.471273, 4.992794, 0.244105, 0.852590, 0.470342, 4.982710, 120593.405417, 0.050434, 0.071531, 0.032860, 0.013294, -0.001736, 1.324672
10, 0.207316, 0.834703, 0.412369, 4.958087, 0.207290, 0.835007, 0.411574, 4.948709, 123032.004673, 0.053343, 0.079524, 0.032860, 0.015337, 0.000983, 1.352138
11, 0.217844, 0.846769, 0.380583, 5.097992, 0.217857, 0.847183, 0.379897, 5.086693, 92174.375955, 0.055465, 0.079524, 0.032860, 0.016089, -0.002988, 1.012719
12, 0.207316, 0.834703, 0.412369, 4.958087, 0.207290, 0.835007, 0.411574, 4.948709, 123032.004673, 0.057996, 0.085839, 0.032860, 0.017543, 0.000983, 1.352138
13, 0.207316, 0.834703, 0.412369, 4.958087, 0.207290, 0.835007, 0.411574, 4.948709, 123032.004673, 0.060117, 0.085839, 0.032860, 0.018386, 0.000983, 1.352138
14, 0.121840, 0.820445, 0.386766, 6.492386, 0.121850, 0.821090, 0.386166, 6.482525, 135896.498446, 0.062756, 0.097069, 0.032860, 0.020112, 0.000775, 1.490992
15, 0.201076, 0.831123, 0.378475, 5.462587, 0.201122, 0.831594, 0.377856, 5.450674, 107519.882283, 0.065097, 0.097866, 0.032860, 0.021312, -0.001604, 1.181706
16, 0.121840, 0.820445, 0.386766, 6.492386, 0.121850, 0.821090, 0.386166, 6.482525, 135896.498446, 0.067105, 0.097866, 0.032860, 0.022053, 0.000775, 1.490992
17, 0.121840, 0.820445, 0.386766, 6.492386, 0.121850, 0.821090, 0.386166, 6.482525, 135896.498446, 0.069222, 0.103086, 0.032860, 0.023009, 0.000775, 1.490992
18, 0.126167, 0.810097, 0.370838, 5.569284, 0.126185, 0.810403, 0.370161, 5.555713, 117820.135275, 0.071301, 0.106651, 0.032860, 0.023948, -0.003834, 1.293370
19, 0.121840, 0.820445, 0.386766, 6.492386, 0.121850, 0.821090, 0.386166, 6.482525, 135896.498446, 0.072860, 0.106651, 0.032860, 0.024229, 0.000775, 1.490992
20, 0.121840, 0.820445, 0.386766, 6.492386, 0.121850, 0.821090, 0.386166, 6.482525, 135896.498446, 0.074389, 0.106651, 0.032860, 0.024538, 0.000775, 1.490992
21, 0.123364, 0.808289, 0.367734, 5.744314, 0.123339, 0.808574, 0.367076, 5.729707, 127235.014899, 0.075822, 0.106651, 0.032860, 0.024789, -0.005081, 1.396243
22, 0.121840, 0.820445, 0.386766, 6.492386, 0.121850, 0.821090, 0.386166, 6.482525, 135896.498446, 0.077048, 0.106651, 0.032860, 0.024863, 0.000775, 1.490992
23, 0.121840, 0.820445, 0.386766, 6.492386, 0.121850, 0.821090, 0.386166, 6.482525, 135896.498446, 0.078223, 0.106651, 0.032860, 0.024933, 0.000775, 1.490992
24, 0.109272, 0.808620, 0.368261, 6.641003, 0.109265, 0.809265, 0.367565, 6.623080, 135849.737380, 0.079464, 0.108005, 0.032860, 0.025123, -0.006705, 1.491000
25, 0.121840, 0.820445, 0.386766, 6.492386, 0.121850, 0.821090, 0.386166, 6.482525, 135896.498446, 0.080599, 0.108005, 0.032860, 0.025236, 0.000775, 1.490992
26, 0.121840, 0.820445, 0.386766, 6.492386, 0.121850, 0.821090, 0.386166, 6.482525, 135896.498446, 0.081723, 0.109816, 0.032860, 0.025375, 0.000775, 1.490992
27, 0.099863, 0.811079, 0.367496, 7.501604, 0.099887, 0.811499, 0.366766, 7.480605, 143730.319196, 0.082760, 0.109816, 0.032860, 0.025456, -0.003369, 1.577871
28, 0.121840, 0.820445, 0.386766, 6.492386, 0.121850, 0.821090, 0.386166, 6.482525, 135896.498446, 0.083815, 0.112301, 0.032860, 0.025592, 0.000775, 1.490992
29, 0.121840, 0.820445, 0.386766, 6.492386, 0.121850, 0.821090, 0.386166, 6.482525, 135896.498446, 0.084737, 0.112301, 0.032860, 0.025616, 0.000775, 1.490992
30, 0.099447, 0.812043, 0.371029, 8.633480, 0.099432, 0.812404, 0.370259, 8.612453, 151218.035854, 0.085633, 0.112301, 0.032860, 0.025644, -0.004024, 1.660728
31, 0.121840, 0.820445, 0.386766, 6.492386, 0.121850, 0.821090, 0.386166, 6.482525, 135896.498446, 0.086511, 0.112851, 0.032860, 0.025681, 0.000775, 1.490992
32, 0.121840, 0.820445, 0.386766, 6.492386, 0.121850, 0.821090, 0.386166, 6.482525, 135896.498446, 0.087341, 0.113056, 0.032860, 0.025695, 0.000775, 1.490992
33, 0.098016, 0.811895, 0.372329, 9.608641, 0.098038, 0.812344, 0.371550, 9.582391, 158258.296628, 0.088115, 0.113056, 0.032860, 0.025678, -0.004606, 1.740344
34, 0.121840, 0.820445, 0.386766, 6.492386, 0.121850, 0.821090, 0.386166, 6.482525, 135896.498446, 0.088852, 0.113200, 0.032860, 0.025650, 0.000775, 1.490992
35, 0.121840, 0.820445, 0.386766, 6.492386, 0.121850, 0.821090, 0.386166, 6.482525, 135896.498446, 0.089545, 0.113200, 0.032860, 0.025602, 0.000775, 1.490992
36, 0.089107, 0.813273, 0.373276, 10.276065, 0.089099, 0.813885, 0.372552, 10.248931, 165378.640699, 0.090203, 0.113235, 0.032860, 0.025543, -0.002662, 1.818648
37, 0.121840, 0.820445, 0.386766, 6.492386, 0.121850, 0.821090, 0.386166, 6.482525, 135896.498446, 0.090799, 0.113235, 0.032860, 0.025447, 0.000775, 1.490992
38, 0.121840, 0.820445, 0.386766, 6.492386, 0.121850, 0.821090, 0.386166, 6.482525, 135896.498446, 0.091396, 0.113493, 0.032860, 0.025371, 0.000775, 1.490992
39, 0.085904, 0.814859, 0.374218, 11.092966, 0.085874, 0.815301, 0.373489, 11.063200, 172278.879559, 0.091964, 0.113543, 0.032860, 0.025287, -0.001182, 1.893817
40, 0.121840, 0.820445, 0.386766, 6.492386, 0.121850, 0.821090, 0.386166, 6.482525, 135896.498446, 0.092494, 0.113543, 0.032860, 0.025188, 0.000775, 1.490992
41, 0.121840, 0.820445, 0.386766, 6.492386, 0.121850, 0.821090, 0.386166, 6.482525, 135896.498446, 0.093004, 0.113543, 0.032860, 0.025087, 0.000775, 1.490992
42, 0.089189, 0.813475, 0.366627, 10.299947, 0.089125, 0.813766, 0.365919, 10.273670, 179128.688665, 0.093492, 0.113543, 0.032860, 0.024983, -0.001554, 1.967117
43, 0.121840, 0.820445, 0.386766, 6.492386, 0.121850, 0.821090, 0.386166, 6.482525, 135896.498446, 0.093966, 0.113884, 0.032860, 0.024881, 0.000775, 1.490992
44, 0.121840, 0.820445, 0.386766, 6.492386, 0.121850, 0.821090, 0.386166, 6.482525, 135896.498446, 0.094428, 0.114318, 0.032860, 0.024783, 0.000775, 1.490992
45, 0.080322, 0.820112, 0.368005, 11.130118, 0.080271, 0.820512, 0.367211, 11.097284, 185313.157858, 0.094865, 0.114318, 0.032860, 0.024676, -0.002140, 2.035824
46, 0.121840, 0.820445, 0.386766, 6.492386, 0.121850, 0.821090, 0.386166, 6.482525, 135896.498446, 0.095277, 0.114318, 0.032860, 0.024563, 0.000775, 1.490992
47, 0.121840, 0.820445, 0.386766, 6.492386, 0.121850, 0.821090, 0.386166, 6.482525, 135896.498446, 0.095680, 0.114318, 0.032860, 0.024454, 0.000775, 1.490992
48, 0.071208, 0.826882, 0.367824, 11.079267, 0.071191, 0.827417, 0.367039, 11.049693, 191555.671173, 0.096064, 0.114318, 0.032860, 0.024340, -0.000748, 2.104770
49, 0.121840, 0.820445, 0.386766, 6.492386, 0.121850, 0.821090, 0.386166, 6.482525, 135896.498446, 0.096430, 0.114318, 0.032860, 0.024224, 0.000775, 1.490992
50, 0.121840, 0.820445, 0.386766, 6.492386, 0.121850, 0.821090, 0.386166, 6.482525, 135896.498446, 0.096778, 0.114318, 0.032860, 0.024104, 0.000775, 1.490992
51, 0.076309, 0.821048, 0.369086, 11.857673, 0.076271, 0.821436, 0.368279, 11.823502, 197086.507168, 0.097121, 0.114318, 0.032860, 0.023989, -0.002053, 2.166846
52, 0.121840, 0.820445, 0.386766, 6.492386, 0.121850, 0.821090, 0.386166, 6.482525, 135896.498446, 0.097449, 0.114318, 0.032860, 0.023872, 0.000775, 1.490992
53, 0.121840, 0.820445, 0.386766, 6.492386, 0.121850, 0.821090, 0.386166, 6.482525, 135896.498446, 0.097763, 0.114318, 0.032860, 0.023754, 0.000775, 1.490992
54, 0.093359, 0.810788, 0.367411, 11.680272, 0.093270, 0.810860, 0.366638, 11.645247, 202890.833183, 0.098056, 0.114318, 0.032860, 0.023630, -0.001347, 2.228504
55, 0.121840, 0.820445, 0.386766, 6.492386, 0.121850, 0.821090, 0.386166, 6.482525, 135896.498446, 0.098341, 0.114318, 0.032860, 0.023507, 0.000775, 1.490992
56, 0.121840, 0.820445, 0.386766, 6.492386, 0.121850, 0.821090, 0.386166, 6.482525, 135896.498446, 0.098624, 0.114318, 0.032860, 0.023391, 0.000775, 1.490992
57, 0.094736, 0.812465, 0.368219, 10.898830, 0.094619, 0.812233, 0.367361, 10.862879, 208511.145552, 0.098887, 0.114318, 0.032860, 0.023268, 0.000198, 2.290569
58, 0.121840, 0.820445, 0.386766, 6.492386, 0.121850, 0.821090, 0.386166, 6.482525, 135896.498446, 0.099154, 0.114347, 0.032860, 0.023154, 0.000775, 1.490992
59, 0.121840, 0.820445, 0.386766, 6.492386, 0.121850, 0.821090, 0.386166, 6.482525, 135896.498446, 0.099392, 0.114347, 0.032860, 0.023029, 0.000775, 1.490992
60, 0.100662, 0.808704, 0.366893, 11.150572, 0.100591, 0.808794, 0.366089, 11.113401, 213970.363232, 0.099643, 0.114449, 0.032860, 0.022918, 0.001983, 2.350709
61, 0.121840, 0.820445, 0.386766, 6.492386, 0.121850, 0.821090, 0.386166, 6.482525, 135896.498446, 0.099880, 0.114449, 0.032860, 0.022803, 0.000775, 1.490992
62, 0.121840, 0.820445, 0.386766, 6.492386, 0.121850, 0.821090, 0.386166, 6.482525, 135896.498446, 0.100112, 0.114449, 0.032860, 0.022690, 0.000775, 1.490992
63, 0.085560, 0.814367, 0.368061, 11.287730, 0.085512, 0.814690, 0.367258, 11.251583, 219167.142036, 0.100338, 0.114449, 0.032860, 0.022580, 0.002457, 2.408590
64, 0.121840, 0.820445, 0.386766, 6.492386, 0.121850, 0.821090, 0.386166, 6.482525, 135896.498446, 0.100553, 0.114449, 0.032860, 0.022468, 0.000775, 1.490992
65, 0.121840, 0.820445, 0.386766, 6.492386, 0.121850, 0.821090, 0.386166, 6.482525, 135896.498446, 0.100772, 0.114794, 0.032860, 0.022363, 0.000775, 1.490992
66, 0.083103, 0.814006, 0.369579, 11.682079, 0.083036, 0.814370, 0.368790, 11.643314, 224284.545481, 0.100975, 0.114794, 0.032860, 0.022254, 0.002613, 2.464649
67, 0.121840, 0.820445, 0.386766, 6.492386, 0.121850, 0.821090, 0.386166, 6.482525, 135896.498446, 0.101187, 0.115161, 0.032860, 0.022154, 0.000775, 1.490992
68, 0.121840, 0.820445, 0.386766, 6.492386, 0.121850, 0.821090, 0.386166, 6.482525, 135896.498446, 0.101385, 0.115161, 0.032860, 0.022050, 0.000775, 1.490992
69, 0.082932, 0.816101, 0.369325, 12.079256, 0.082894, 0.816562, 0.368595, 12.042497, 229190.871468, 0.101568, 0.115161, 0.032860, 0.021942, -0.000288, 2.518690
70, 0.121840, 0.820445, 0.386766, 6.492386, 0.121850, 0.821090, 0.386166, 6.482525, 135896.498446, 0.101757, 0.115161, 0.032860, 0.021841, 0.000775, 1.490992
71, 0.121840, 0.820445, 0.386766, 6.492386, 0.121850, 0.821090, 0.386166, 6.482525, 135896.498446, 0.101939, 0.115161, 0.032860, 0.021740, 0.000775, 1.490992
72, 0.095838, 0.807247, 0.366982, 11.436286, 0.095794, 0.807587, 0.366199, 11.396988, 233859.127662, 0.102116, 0.115161, 0.032860, 0.021639, -0.000680, 2.569172
73, 0.121840, 0.820445, 0.386766, 6.492386, 0.121850, 0.821090, 0.386166, 6.482525, 135896.498446, 0.102293, 0.115161, 0.032860, 0.021543, 0.000775, 1.490992
74, 0.121840, 0.820445, 0.386766, 6.492386, 0.121850, 0.821090, 0.386166, 6.482525, 135896.498446, 0.102436, 0.115161, 0.032860, 0.021432, 0.000775, 1.490992
75, 0.086947, 0.810768, 0.367070, 11.540080, 0.086905, 0.811216, 0.366278, 11.500803, 238334.050677, 0.102587, 0.115161, 0.032860, 0.021328, -0.002375, 2.617173
76, 0.121840, 0.820445, 0.386766, 6.492386, 0.121850, 0.821090, 0.386166, 6.482525, 135896.498446, 0.102750, 0.115161, 0.032860, 0.021235, 0.000775, 1.490992
77, 0.121840, 0.820445, 0.386766, 6.492386, 0.121850, 0.821090, 0.386166, 6.482525, 135896.498446, 0.102907, 0.115161, 0.032860, 0.021140, 0.000775, 1.490992
78, 0.081239, 0.816580, 0.368450, 12.216838, 0.081196, 0.816819, 0.367680, 12.175660, 243430.276340, 0.103071, 0.115720, 0.032860, 0.021054, -0.002911, 2.671407
79, 0.121840, 0.820445, 0.386766, 6.492386, 0.121850, 0.821090, 0.386166, 6.482525, 135896.498446, 0.103227, 0.115720, 0.032860, 0.020965, 0.000775, 1.490992
80, 0.121840, 0.820445, 0.386766, 6.492386, 0.121850, 0.821090, 0.386166, 6.482525, 135896.498446, 0.103369, 0.115720, 0.032860, 0.020872, 0.000775, 1.490992
81, 0.075589, 0.819539, 0.370682, 12.805441, 0.075543, 0.820026, 0.369929, 12.765108, 248162.338149, 0.103511, 0.115720, 0.032860, 0.020782, -0.004621, 2.724617
82, 0.121840, 0.820445, 0.386766, 6.492386, 0.121850, 0.821090, 0.386166, 6.482525, 135896.498446, 0.103642, 0.115720, 0.032860, 0.020688, 0.000775, 1.490992
83, 0.121840, 0.820445, 0.386766, 6.492386, 0.121850, 0.821090, 0.386166, 6.482525, 135896.498446, 0.103772, 0.115720, 0.032860, 0.020597, 0.000775, 1.490992
84, 0.088852, 0.811084, 0.370075, 13.392013, 0.088820, 0.811509, 0.369311, 13.349456, 252482.405398, 0.103898, 0.115720, 0.032860, 0.020506, -0.003894, 2.773073
85, 0.121840, 0.820445, 0.386766, 6.492386, 0.121850, 0.821090, 0.386166, 6.482525, 135896.498446, 0.104025, 0.115720, 0.032860, 0.020418, 0.000775, 1.490992
86, 0.121840, 0.820445, 0.386766, 6.492386, 0.121850, 0.821090, 0.386166, 6.482525, 135896.498446, 0.104139, 0.115720, 0.032860, 0.020326, 0.000775, 1.490992
87, 0.082272, 0.814618, 0.368255, 13.534523, 0.082232, 0.815118, 0.367488, 13.492901, 257055.159063, 0.104263, 0.115720, 0.032860, 0.020242, -0.003633, 2.823587
88, 0.121840, 0.820445, 0.386766, 6.492386, 0.121850, 0.821090, 0.386166, 6.482525, 135896.498446, 0.104375, 0.115720, 0.032860, 0.020154, 0.000775, 1.490992
89, 0.121840, 0.820445, 0.386766, 6.492386, 0.121850, 0.821090, 0.386166, 6.482525, 135896.498446, 0.104476, 0.115720, 0.032860, 0.020063, 0.000775, 1.490992
90, 0.075317, 0.818996, 0.368160, 13.385261, 0.075265, 0.819195, 0.367394, 13.342722, 261066.317927, 0.104586, 0.115720, 0.032860, 0.019978, -0.003165, 2.868480
91, 0.121840, 0.820445, 0.386766, 6.492386, 0.121850, 0.821090, 0.386166, 6.482525, 135896.498446, 0.104691, 0.115720, 0.032860, 0.019893, 0.000775, 1.490992
92, 0.121840, 0.820445, 0.386766, 6.492386, 0.121850, 0.821090, 0.386166, 6.482525, 135896.498446, 0.104795, 0.115720, 0.032860, 0.019809, 0.000775, 1.490992
93, 0.079535, 0.816333, 0.367894, 13.557504, 0.079480, 0.816860, 0.367178, 13.512263, 265397.840476, 0.104905, 0.115720, 0.032860, 0.019730, -0.003510, 2.915479
94, 0.121840, 0.820445, 0.386766, 6.492386, 0.121850, 0.821090, 0.386166, 6.482525, 135896.498446, 0.105014, 0.115720, 0.032860, 0.019654, 0.000775, 1.490992
95, 0.121840, 0.820445, 0.386766, 6.492386, 0.121850, 0.821090, 0.386166, 6.482525, 135896.498446, 0.105118, 0.115720, 0.032860, 0.019576, 0.000775, 1.490992
96, 0.079868, 0.816069, 0.369224, 14.247822, 0.079848, 0.816654, 0.368457, 14.205793, 269728.516766, 0.105217, 0.115720, 0.032860, 0.019498, -0.005801, 2.962178
97, 0.121840, 0.820445, 0.386766, 6.492386, 0.121850, 0.821090, 0.386166, 6.482525, 135896.498446, 0.105315, 0.115720, 0.032860, 0.019420, 0.000775, 1.490992
98, 0.121840, 0.820445, 0.386766, 6.492386, 0.121850, 0.821090, 0.386166, 6.482525, 135896.498446, 0.105410, 0.115720, 0.032860, 0.019344, 0.000775, 1.490992
99, 0.076106, 0.818321, 0.366645, 13.830188, 0.076037, 0.818791, 0.365944, 13.791548, 274198.056921, 0.105509, 0.115720, 0.032860, 0.019271, -0.005413, 3.009877
100, 0.121840, 0.820445, 0.386766, 6.492386, 0.121850, 0.821090, 0.386166, 6.482525, 135896.498446, 0.105599, 0.115720, 0.032860, 0.019195, 0.000775, 1.490992
101, 0.121840, 0.820445, 0.386766, 6.492386, 0.121850, 0.821090, 0.386166, 6.482525, 135896.498446, 0.105694, 0.115720, 0.032860, 0.019124, 0.000775, 1.490992
102, 0.073305, 0.818845, 0.368549, 13.868542, 0.073247, 0.819165, 0.367830, 13.833313, 278565.928173, 0.105787, 0.115720, 0.032860, 0.019052, -0.006479, 3.056477
103, 0.121840, 0.820445, 0.386766, 6.492386, 0.121850, 0.821090, 0.386166, 6.482525, 135896.498446, 0.105875, 0.115720, 0.032860, 0.018981, 0.000775, 1.490992
104, 0.121840, 0.820445, 0.386766, 6.492386, 0.121850, 0.821090, 0.386166, 6.482525, 135896.498446, 0.105966, 0.115720, 0.032860, 0.018912, 0.000775, 1.490992
105, 0.079249, 0.814289, 0.368934, 13.596754, 0.079167, 0.814427, 0.368173, 13.560503, 282503.698141, 0.106055, 0.115720, 0.032860, 0.018843, -0.007896, 3.101234
106, 0.121840, 0.820445, 0.386766, 6.492386, 0.121850, 0.821090, 0.386166, 6.482525, 135896.498446, 0.106142, 0.115720, 0.032860, 0.018775, 0.000775, 1.490992
107, 0.121840, 0.820445, 0.386766, 6.492386, 0.121850, 0.821090, 0.386166, 6.482525, 135896.498446, 0.106222, 0.115720, 0.032860, 0.018706, 0.000775, 1.490992
108, 0.084962, 0.809934, 0.368536, 13.312501, 0.084940, 0.810372, 0.367798, 13.275840, 286664.992438, 0.106307, 0.115720, 0.032860, 0.018639, -0.008005, 3.147281
109, 0.121840, 0.820445, 0.386766, 6.492386, 0.121850, 0.821090, 0.386166, 6.482525, 135896.498446, 0.106385, 0.115720, 0.032860, 0.018571, 0.000775, 1.490992
110, 0.121840, 0.820445, 0.386766, 6.492386, 0.121850, 0.821090, 0.386166, 6.482525, 135896.498446, 0.106464, 0.115720, 0.032860, 0.018505, 0.000775, 1.490992
111, 0.081045, 0.811565, 0.371164, 13.712930, 0.081000, 0.811906, 0.370371, 13.675401, 290356.999624, 0.106541, 0.115720, 0.032860, 0.018439, -0.006586, 3.189438
112, 0.121840, 0.820445, 0.386766, 6.492386, 0.121850, 0.821090, 0.386166, 6.482525, 135896.498446, 0.106620, 0.115720, 0.032860, 0.018376, 0.000775, 1.490992
113, 0.121840, 0.820445, 0.386766, 6.492386, 0.121850, 0.821090, 0.386166, 6.482525, 135896.498446, 0.106696, 0.115720, 0.032860, 0.018312, 0.000775, 1.490992
114, 0.084374, 0.812281, 0.367931, 13.327833, 0.084315, 0.812539, 0.367227, 13.292543, 294105.314806, 0.106770, 0.115720, 0.032860, 0.018248, -0.006760, 3.228346
115, 0.121840, 0.820445, 0.386766, 6.492386, 0.121850, 0.821090, 0.386166, 6.482525, 135896.498446, 0.106851, 0.116086, 0.032860, 0.018189, 0.000775, 1.490992
116, 0.121840, 0.820445, 0.386766, 6.492386, 0.121850, 0.821090, 0.386166, 6.482525, 135896.498446, 0.106925, 0.116086, 0.032860, 0.018128, 0.000775, 1.490992
117, 0.074227, 0.816588, 0.368151, 12.634092, 0.074151, 0.816718, 0.367421, 12.596898, 297861.446662, 0.106986, 0.116086, 0.032860, 0.018063, -0.009895, 3.269420
118, 0.121840, 0.820445, 0.386766, 6.492386, 0.121850, 0.821090, 0.386166, 6.482525, 135896.498446, 0.107053, 0.116086, 0.032860, 0.018000, 0.000775, 1.490992
119, 0.121840, 0.820445, 0.386766, 6.492386, 0.121850, 0.821090, 0.386166, 6.482525, 135896.498446, 0.107121, 0.116086, 0.032860, 0.017940, 0.000775, 1.490992
120, 0.084836, 0.809062, 0.369045, 13.078884, 0.084742, 0.809238, 0.368220, 13.039003, 301529.926205, 0.107187, 0.116086, 0.032860, 0.017879, -0.007998, 3.310126
121, 0.121840, 0.820445, 0.386766, 6.492386, 0.121850, 0.821090, 0.386166, 6.482525, 135896.498446, 0.107254, 0.116086, 0.032860, 0.017821, 0.000775, 1.490992
122, 0.121840, 0.820445, 0.386766, 6.492386, 0.121850, 0.821090, 0.386166, 6.482525, 135896.498446, 0.107315, 0.116086, 0.032860, 0.017760, 0.000775, 1.490992
123, 0.072628, 0.817592, 0.367221, 12.892878, 0.072580, 0.817682, 0.366441, 12.851422, 305124.730025, 0.107369, 0.116086, 0.032860, 0.017698, -0.007423, 3.350427
124, 0.121840, 0.820445, 0.386766, 6.492386, 0.121850, 0.821090, 0.386166, 6.482525, 135896.498446, 0.107425, 0.116086, 0.032860, 0.017637, 0.000775, 1.490992
125, 0.121840, 0.820445, 0.386766, 6.492386, 0.121850, 0.821090, 0.386166, 6.482525, 135896.498446, 0.107490, 0.116086, 0.032860, 0.017581, 0.000775, 1.490992
126, 0.067833, 0.823432, 0.369065, 13.579045, 0.067803, 0.823395, 0.368318, 13.536785, 308859.407643, 0.107547, 0.116086, 0.032860, 0.017523, -0.005419, 3.391445
127, 0.121840, 0.820445, 0.386766, 6.492386, 0.121850, 0.821090, 0.386166, 6.482525, 135896.498446, 0.107603, 0.116086, 0.032860, 0.017465, 0.000775, 1.490992
128, 0.121840, 0.820445, 0.386766, 6.492386, 0.121850, 0.821090, 0.386166, 6.482525, 135896.498446, 0.107660, 0.116086, 0.032860, 0.017409, 0.000775, 1.490992
129, 0.080956, 0.811636, 0.368863, 13.466432, 0.080930, 0.811951, 0.368120, 13.426766, 312572.333309, 0.107716, 0.116086, 0.032860, 0.017353, -0.005090, 3.432389
130, 0.121840, 0.820445, 0.386766, 6.492386, 0.121850, 0.821090, 0.386166, 6.482525, 135896.498446, 0.107778, 0.116086, 0.032860, 0.017300, 0.000775, 1.490992
131, 0.121840, 0.820445, 0.386766, 6.492386, 0.121850, 0.821090, 0.386166, 6.482525, 135896.498446, 0.107832, 0.116086, 0.032860, 0.017245, 0.000775, 1.490992
132, 0.076067, 0.814307, 0.369822, 14.129780, 0.076064, 0.814390, 0.369118, 14.091089, 316286.902642, 0.107887, 0.116086, 0.032860, 0.017191, -0.003444, 3.471902
133, 0.121840, 0.820445, 0.386766, 6.492386, 0.121850, 0.821090, 0.386166, 6.482525, 135896.498446, 0.107940, 0.116086, 0.032860, 0.017137, 0.000775, 1.490992
134, 0.121840, 0.820445, 0.386766, 6.492386, 0.121850, 0.821090, 0.386166, 6.482525, 135896.498446, 0.107971, 0.116086, 0.032860, 0.017077, 0.000775, 1.490992
135, 0.065970, 0.825359, 0.371018, 14.305728, 0.065964, 0.825610, 0.370171, 14.263988, 319779.014206, 0.108022, 0.116086, 0.032860, 0.017024, -0.006119, 3.511445
136, 0.121840, 0.820445, 0.386766, 6.492386, 0.121850, 0.821090, 0.386166, 6.482525, 135896.498446, 0.108073, 0.116086, 0.032860, 0.016971, 0.000775, 1.490992
137, 0.121840, 0.820445, 0.386766, 6.492386, 0.121850, 0.821090, 0.386166, 6.482525, 135896.498446, 0.108123, 0.116086, 0.032860, 0.016919, 0.000775, 1.490992
138, 0.071600, 0.819225, 0.372398, 14.754312, 0.071562, 0.819152, 0.371632, 14.711091, 323305.577752, 0.108173, 0.116086, 0.032860, 0.016868, -0.007742, 3.549484
139, 0.121840, 0.820445, 0.386766, 6.492386, 0.121850, 0.821090, 0.386166, 6.482525, 135896.498446, 0.108225, 0.116086, 0.032860, 0.016818, 0.000775, 1.490992
140, 0.121840, 0.820445, 0.386766, 6.492386, 0.121850, 0.821090, 0.386166, 6.482525, 135896.498446, 0.108278, 0.116086, 0.032860, 0.016770, 0.000775, 1.490992
141, 0.074720, 0.813034, 0.370863, 14.182298, 0.074699, 0.813308, 0.370058, 14.140806, 326813.695295, 0.108329, 0.116086, 0.032860, 0.016721, -0.006151, 3.588241
142, 0.121840, 0.820445, 0.386766, 6.492386, 0.121850, 0.821090, 0.386166, 6.482525, 135896.498446, 0.108378, 0.116086, 0.032860, 0.016672, 0.000775, 1.490992
143, 0.121840, 0.820445, 0.386766, 6.492386, 0.121850, 0.821090, 0.386166, 6.482525, 135896.498446, 0.108427, 0.116086, 0.032860, 0.016624, 0.000775, 1.490992
144, 0.076704, 0.813003, 0.369452, 13.812897, 0.076647, 0.812827, 0.368648, 13.773223, 329983.956263, 0.108476, 0.116086, 0.032860, 0.016577, -0.006142, 3.623865
145, 0.121840, 0.820445, 0.386766, 6.492386, 0.121850, 0.821090, 0.386166, 6.482525, 135896.498446, 0.108526, 0.116086, 0.032860, 0.016530, 0.000775, 1.490992
146, 0.121840, 0.820445, 0.386766, 6.492386, 0.121850, 0.821090, 0.386166, 6.482525, 135896.498446, 0.108581, 0.116555, 0.032860, 0.016487, 0.000775, 1.490992
147, 0.071573, 0.819526, 0.367405, 13.936437, 0.071490, 0.819216, 0.366696, 13.896178, 333601.843465, 0.108634, 0.116555, 0.032860, 0.016443, -0.004565, 3.662679
148, 0.121840, 0.820445, 0.386766, 6.492386, 0.121850, 0.821090, 0.386166, 6.482525, 135896.498446, 0.108680, 0.116555, 0.032860, 0.016397, 0.000775, 1.490992
149, 0.121840, 0.820445, 0.386766, 6.492386, 0.121850, 0.821090, 0.386166, 6.482525, 135896.498446, 0.108732, 0.116555, 0.032860, 0.016354, 0.000775, 1.490992
150, 0.083356, 0.809576, 0.367150, 13.617729, 0.083306, 0.809463, 0.366376, 13.579980, 336901.016025, 0.108785, 0.116593, 0.032860, 0.016312, -0.007427, 3.699630
151, 0.121840, 0.820445, 0.386766, 6.492386, 0.121850, 0.821090, 0.386166, 6.482525, 135896.498446, 0.108829, 0.116593, 0.032860, 0.016267, 0.000775, 1.490992
152, 0.121840, 0.820445, 0.386766, 6.492386, 0.121850, 0.821090, 0.386166, 6.482525, 135896.498446, 0.108879, 0.116593, 0.032860, 0.016225, 0.000775, 1.490992
153, 0.072372, 0.815356, 0.367865, 14.170167, 0.072333, 0.815355, 0.367042, 14.131489, 340330.180912, 0.108922, 0.116593, 0.032860, 0.016181, -0.005377, 3.736632
154, 0.121840, 0.820445, 0.386766, 6.492386, 0.121850, 0.821090, 0.386166, 6.482525, 135896.498446, 0.108968, 0.116593, 0.032860, 0.016138, 0.000775, 1.490992
155, 0.121840, 0.820445, 0.386766, 6.492386, 0.121850, 0.821090, 0.386166, 6.482525, 135896.498446, 0.109007, 0.116593, 0.032860, 0.016094, 0.000775, 1.490992
156, 0.068882, 0.821136, 0.368209, 13.476215, 0.068872, 0.821337, 0.367422, 13.442791, 343749.059295, 0.109048, 0.116593, 0.032860, 0.016050, -0.004731, 3.774105
157, 0.121840, 0.820445, 0.386766, 6.492386, 0.121850, 0.821090, 0.386166, 6.482525, 135896.498446, 0.109084, 0.116593, 0.032860, 0.016005, 0.000775, 1.490992
158, 0.121840, 0.820445, 0.386766, 6.492386, 0.121850, 0.821090, 0.386166, 6.482525, 135896.498446, 0.109124, 0.116593, 0.032860, 0.015962, 0.000775, 1.490992
159, 0.077670, 0.813305, 0.367734, 13.593167, 0.077592, 0.813079, 0.367061, 13.560084, 347226.763382, 0.109159, 0.116593, 0.032860, 0.015918, -0.004678, 3.811401
160, 0.121840, 0.820445, 0.386766, 6.492386, 0.121850, 0.821090, 0.386166, 6.482525, 135896.498446, 0.109194, 0.116593, 0.032860, 0.015874, 0.000775, 1.490992
161, 0.121840, 0.820445, 0.386766, 6.492386, 0.121850, 0.821090, 0.386166, 6.482525, 135896.498446, 0.109231, 0.116593, 0.032860, 0.015832, 0.000775, 1.490992
162, 0.084525, 0.810235, 0.367936, 13.471499, 0.084458, 0.810139, 0.367256, 13.436765, 350373.249238, 0.109267, 0.116593, 0.032860, 0.015789, -0.005862, 3.848390
163, 0.121840, 0.820445, 0.386766, 6.492386, 0.121850, 0.821090, 0.386166, 6.482525, 135896.498446, 0.109307, 0.116593, 0.032860, 0.015749, 0.000775, 1.490992
164, 0.121840, 0.820445, 0.386766, 6.492386, 0.121850, 0.821090, 0.386166, 6.482525, 135896.498446, 0.109339, 0.116593, 0.032860, 0.015706, 0.000775, 1.490992
165, 0.075580, 0.815250, 0.368681, 13.802118, 0.075511, 0.815146, 0.367937, 13.765154, 353619.002003, 0.109373, 0.116593, 0.032860, 0.015665, -0.006266, 3.884114
166, 0.121840, 0.820445, 0.386766, 6.492386, 0.121850, 0.821090, 0.386166, 6.482525, 135896.498446, 0.109410, 0.116593, 0.032860, 0.015625, 0.000775, 1.490992
167, 0.121840, 0.820445, 0.386766, 6.492386, 0.121850, 0.821090, 0.386166, 6.482525, 135896.498446, 0.109446, 0.116593, 0.032860, 0.015585, 0.000775, 1.490992
168, 0.067968, 0.822648, 0.368090, 14.203211, 0.067912, 0.822694, 0.367316, 14.162312, 356939.467668, 0.109484, 0.116593, 0.032860, 0.015546, -0.006122, 3.920535
169, 0.121840, 0.820445, 0.386766, 6.492386, 0.121850, 0.821090, 0.386166, 6.482525, 135896.498446, 0.109512, 0.116593, 0.032860, 0.015504, 0.000775, 1.490992
170, 0.121840, 0.820445, 0.386766, 6.492386, 0.121850, 0.821090, 0.386166, 6.482525, 135896.498446, 0.109548, 0.116593, 0.032860, 0.015466, 0.000775, 1.490992
171, 0.073009, 0.815555, 0.367855, 14.311455, 0.072956, 0.815411, 0.367126, 14.272109, 360157.784330, 0.109578, 0.116593, 0.032860, 0.015425, -0.006879, 3.954384
172, 0.121840, 0.820445, 0.386766, 6.492386, 0.121850, 0.821090, 0.386166, 6.482525, 135896.498446, 0.109612, 0.116593, 0.032860, 0.015387, 0.000775, 1.490992
173, 0.121840, 0.820445, 0.386766, 6.492386, 0.121850, 0.821090, 0.386166, 6.482525, 135896.498446, 0.109646, 0.116593, 0.032860, 0.015349, 0.000775, 1.490992
174, 0.072541, 0.816966, 0.368821, 14.048003, 0.072469, 0.816629, 0.368078, 14.009639, 363127.032897, 0.109677, 0.116593, 0.032860, 0.015310, -0.008536, 3.987166
175, 0.121840, 0.820445, 0.386766, 6.492386, 0.121850, 0.821090, 0.386166, 6.482525, 135896.498446, 0.109705, 0.116593, 0.032860, 0.015271, 0.000775, 1.490992
176, 0.121840, 0.820445, 0.386766, 6.492386, 0.121850, 0.821090, 0.386166, 6.482525, 135896.498446, 0.109735, 0.116593, 0.032860, 0.015233, 0.000775, 1.490992
177, 0.078087, 0.811014, 0.369060, 14.021579, 0.078031, 0.810793, 0.368331, 13.983875, 366133.893711, 0.109767, 0.116593, 0.032860, 0.015195, -0.008110, 4.019086
178, 0.121840, 0.820445, 0.386766, 6.492386, 0.121850, 0.821090, 0.386166, 6.482525, 135896.498446, 0.109794, 0.116593, 0.032860, 0.015157, 0.000775, 1.490992
179, 0.121840, 0.820445, 0.386766, 6.492386, 0.121850, 0.821090, 0.386166, 6.482525, 135896.498446, 0.109824, 0.116593, 0.032860, 0.015120, 0.000775, 1.490992
180, 0.071428, 0.817593, 0.371127, 15.052314, 0.071369, 0.817452, 0.370411, 15.015672, 369182.314798, 0.109855, 0.116593, 0.032860, 0.015083, -0.009338, 4.051997
181, 0.121840, 0.820445, 0.386766, 6.492386, 0.121850, 0.821090, 0.386166, 6.482525, 135896.498446, 0.109882, 0.116593, 0.032860, 0.015046, 0.000775, 1.490992
182, 0.121840, 0.820445, 0.386766, 6.492386, 0.121850, 0.821090, 0.386166, 6.482525, 135896.498446, 0.109908, 0.116593, 0.032860, 0.015009, 0.000775, 1.490992
183, 0.078906, 0.810750, 0.369670, 15.374586, 0.078824, 0.810557, 0.368885, 15.335478, 372227.337193, 0.109939, 0.116593, 0.032860, 0.014973, -0.012002, 4.085059
184, 0.121840, 0.820445, 0.386766, 6.492386, 0.121850, 0.821090, 0.386166, 6.482525, 135896.498446, 0.109968, 0.116593, 0.032860, 0.014938, 0.000775, 1.490992
185, 0.121840, 0.820445, 0.386766, 6.492386, 0.121850, 0.821090, 0.386166, 6.482525, 135896.498446, 0.109994, 0.116593, 0.032860, 0.014902, 0.000775, 1.490992
186, 0.087303, 0.806860, 0.368648, 16.105151, 0.087189, 0.806431, 0.367894, 16.064526, 375385.595761, 0.110024, 0.116593, 0.032860, 0.014867, -0.012265, 4.118470
187, 0.121840, 0.820445, 0.386766, 6.492386, 0.121850, 0.821090, 0.386166, 6.482525, 135896.498446, 0.110053, 0.116593, 0.032860, 0.014833, 0.000775, 1.490992
188, 0.121840, 0.820445, 0.386766, 6.492386, 0.121850, 0.821090, 0.386166, 6.482525, 135896.498446, 0.110080, 0.116593, 0.032860, 0.014798, 0.000775, 1.490992
189, 0.081559, 0.811864, 0.369135, 15.459488, 0.081509, 0.811889, 0.368364, 15.418804, 378294.563653, 0.110107, 0.116593, 0.032860, 0.014763, -0.014817, 4.151641
190, 0.121840, 0.820445, 0.386766, 6.492386, 0.121850, 0.821090, 0.386166, 6.482525, 135896.498446, 0.110132, 0.116593, 0.032860, 0.014728, 0.000775, 1.490992
191, 0.121840, 0.820445, 0.386766, 6.492386, 0.121850, 0.821090, 0.386166, 6.482525, 135896.498446, 0.110159, 0.116593, 0.032860, 0.014694, 0.000775, 1.490992
192, 0.073935, 0.815597, 0.367957, 15.045680, 0.073853, 0.815247, 0.367229, 15.007129, 381341.762095, 0.110186, 0.116593, 0.032860, 0.014661, -0.015093, 4.184544
193, 0.121840, 0.820445, 0.386766, 6.492386, 0.121850, 0.821090, 0.386166, 6.482525, 135896.498446, 0.110215, 0.116593, 0.032860, 0.014628, 0.000775, 1.490992
194, 0.121840, 0.820445, 0.386766, 6.492386, 0.121850, 0.821090, 0.386166, 6.482525, 135896.498446, 0.110239, 0.116593, 0.032860, 0.014594, 0.000775, 1.490992
195, 0.081596, 0.809876, 0.369292, 15.442569, 0.081514, 0.809647, 0.368576, 15.402864, 384148.394963, 0.110265, 0.116593, 0.032860, 0.014561, -0.017956, 4.215781
196, 0.121840, 0.820445, 0.386766, 6.492386, 0.121850, 0.821090, 0.386166, 6.482525, 135896.498446, 0.110291, 0.116593, 0.032860, 0.014529, 0.000775, 1.490992
197, 0.121840, 0.820445, 0.386766, 6.492386, 0.121850, 0.821090, 0.386166, 6.482525, 135896.498446, 0.110314, 0.116593, 0.032860, 0.014495, 0.000775, 1.490992
198, 0.084416, 0.807953, 0.368120, 14.800865, 0.084313, 0.807570, 0.367400, 14.761593, 387002.979472, 0.110343, 0.116593, 0.032860, 0.014464, -0.018526, 4.246577
199, 0.121840, 0.820445, 0.386766, 6.492386, 0.121850, 0.821090, 0.386166, 6.482525, 135896.498446, 0.110366, 0.116593, 0.032860, 0.014432, 0.000775, 1.490992
200, 0.121840, 0.820445, 0.386766, 6.492386, 0.121850, 0.821090, 0.386166, 6.482525, 135896.498446, 0.110390, 0.116593, 0.032860, 0.014399, 0.000775, 1.490992
201, 0.075915, 0.813353, 0.368490, 14.844599, 0.075839, 0.812794, 0.367734, 14.802724, 389725.795585, 0.110415, 0.116593, 0.032860, 0.014368, -0.019736, 4.276680
202, 0.121840, 0.820445, 0.386766, 6.492386, 0.121850, 0.821090, 0.386166, 6.482525, 135896.498446, 0.110440, 0.116593, 0.032860, 0.014337, 0.000775, 1.490992
203, 0.121840, 0.820445, 0.386766, 6.492386, 0.121850, 0.821090, 0.386166, 6.482525, 135896.498446, 0.110463, 0.116593, 0.032860, 0.014305, 0.000775, 1.490992
204, 0.073520, 0.816631, 0.367845, 15.002206, 0.073433, 0.816166, 0.367048, 14.960309, 392639.267424, 0.110487, 0.116593, 0.032860, 0.014274, -0.017992, 4.307147
205, 0.121840, 0.820445, 0.386766, 6.492386, 0.121850, 0.821090, 0.386166, 6.482525, 135896.498446, 0.110511, 0.116593, 0.032860, 0.014243, 0.000775, 1.490992
206, 0.121840, 0.820445, 0.386766, 6.492386, 0.121850, 0.821090, 0.386166, 6.482525, 135896.498446, 0.110536, 0.116593, 0.032860, 0.014213, 0.000775, 1.490992
207, 0.083048, 0.808489, 0.368398, 14.698078, 0.082969, 0.808072, 0.367682, 14.661001, 395649.252411, 0.110559, 0.116593, 0.032860, 0.014183, -0.016045, 4.339336
208, 0.121840, 0.820445, 0.386766, 6.492386, 0.121850, 0.821090, 0.386166, 6.482525, 135896.498446, 0.110586, 0.116593, 0.032860, 0.014154, 0.000775, 1.490992
209, 0.121840, 0.820445, 0.386766, 6.492386, 0.121850, 0.821090, 0.386166, 6.482525, 135896.498446, 0.110607, 0.116593, 0.032860, 0.014123, 0.000775, 1.490992
210, 0.071488, 0.819418, 0.367910, 15.625554, 0.071434, 0.819377, 0.367224, 15.587673, 398216.504399, 0.110631, 0.116593, 0.032860, 0.014094, -0.016290, 4.367077
211, 0.121840, 0.820445, 0.386766, 6.492386, 0.121850, 0.821090, 0.386166, 6.482525, 135896.498446, 0.110652, 0.116593, 0.032860, 0.014064, 0.000775, 1.490992
212, 0.121840, 0.820445, 0.386766, 6.492386, 0.121850, 0.821090, 0.386166, 6.482525, 135896.498446, 0.110677, 0.116593, 0.032860, 0.014035, 0.000775, 1.490992
213, 0.077167, 0.815504, 0.367733, 15.738197, 0.077099, 0.815617, 0.367024, 15.698474, 400588.523747, 0.110701, 0.116593, 0.032860, 0.014007, -0.015952, 4.395374
214, 0.121840, 0.820445, 0.386766, 6.492386, 0.121850, 0.821090, 0.386166, 6.482525, 135896.498446, 0.110726, 0.116593, 0.032860, 0.013979, 0.000775, 1.490992
215, 0.121840, 0.820445, 0.386766, 6.492386, 0.121850, 0.821090, 0.386166, 6.482525, 135896.498446, 0.110753, 0.116593, 0.032860, 0.013952, 0.000775, 1.490992
216, 0.085848, 0.809316, 0.367893, 15.501130, 0.085817, 0.809459, 0.367150, 15.462489, 403165.540776, 0.110776, 0.116593, 0.032860, 0.013923, -0.015840, 4.424148
217, 0.121840, 0.820445, 0.386766, 6.492386, 0.121850, 0.821090, 0.386166, 6.482525, 135896.498446, 0.110800, 0.116593, 0.032860, 0.013896, 0.000775, 1.490992
218, 0.121840, 0.820445, 0.386766, 6.492386, 0.121850, 0.821090, 0.386166, 6.482525, 135896.498446, 0.110822, 0.116593, 0.032860, 0.013868, 0.000775, 1.490992
219, 0.079161, 0.811585, 0.367732, 15.224124, 0.079090, 0.811376, 0.366946, 15.187151, 405884.504526, 0.110844, 0.116593, 0.032860, 0.013840, -0.014118, 4.454454
220, 0.121840, 0.820445, 0.386766, 6.492386, 0.121850, 0.821090, 0.386166, 6.482525, 135896.498446, 0.110870, 0.116593, 0.032860, 0.013814, 0.000775, 1.490992
221, 0.121840, 0.820445, 0.386766, 6.492386, 0.121850, 0.821090, 0.386166, 6.482525, 135896.498446, 0.110891, 0.116593, 0.032860, 0.013786, 0.000775, 1.490992
222, 0.078260, 0.812507, 0.368253, 15.320700, 0.078216, 0.812365, 0.367494, 15.283629, 408862.727800, 0.110914, 0.116593, 0.032860, 0.013759, -0.011955, 4.484898
223, 0.121840, 0.820445, 0.386766, 6.492386, 0.121850, 0.821090, 0.386166, 6.482525, 135896.498446, 0.110938, 0.116593, 0.032860, 0.013733, 0.000775, 1.490992
224, 0.121840, 0.820445, 0.386766, 6.492386, 0.121850, 0.821090, 0.386166, 6.482525, 135896.498446, 0.110958, 0.116593, 0.032860, 0.013705, 0.000775, 1.490992
225, 0.077158, 0.811857, 0.366541, 15.543123, 0.077139, 0.811603, 0.365745, 15.505531, 411304.605184, 0.110981, 0.116593, 0.032860, 0.013679, -0.011230, 4.512775
226, 0.121840, 0.820445, 0.386766, 6.492386, 0.121850, 0.821090, 0.386166, 6.482525, 135896.498446, 0.111003, 0.116593, 0.032860, 0.013653, 0.000775, 1.490992
227, 0.121840, 0.820445, 0.386766, 6.492386, 0.121850, 0.821090, 0.386166, 6.482525, 135896.498446, 0.111024, 0.116593, 0.032860, 0.013627, 0.000775, 1.490992
228, 0.070433, 0.819516, 0.367076, 15.817309, 0.070419, 0.819690, 0.366334, 15.781052, 414087.287789, 0.111046, 0.116593, 0.032860, 0.013601, -0.010176, 4.544353
229, 0.121840, 0.820445, 0.386766, 6.492386, 0.121850, 0.821090, 0.386166, 6.482525, 135896.498446, 0.111070, 0.116630, 0.032860, 0.013576, 0.000775, 1.490992
230, 0.121840, 0.820445, 0.386766, 6.492386, 0.121850, 0.821090, 0.386166, 6.482525, 135896.498446, 0.111094, 0.116630, 0.032860, 0.013551, 0.000775, 1.490992
231, 0.074624, 0.815359, 0.368172, 16.229022, 0.074599, 0.815272, 0.367409, 16.195418, 416646.748262, 0.111116, 0.116630, 0.032860, 0.013526, -0.010898, 4.574246
232, 0.121840, 0.820445, 0.386766, 6.492386, 0.121850, 0.821090, 0.386166, 6.482525, 135896.498446, 0.111138, 0.116630, 0.032860, 0.013501, 0.000775, 1.490992
233, 0.121840, 0.820445, 0.386766, 6.492386, 0.121850, 0.821090, 0.386166, 6.482525, 135896.498446, 0.111159, 0.116630, 0.032860, 0.013475, 0.000775, 1.490992
234, 0.074741, 0.816075, 0.367988, 16.274371, 0.074725, 0.816022, 0.367285, 16.239584, 419361.709222, 0.111179, 0.116630, 0.032860, 0.013450, -0.013858, 4.603662
235, 0.121840, 0.820445, 0.386766, 6.492386, 0.121850, 0.821090, 0.386166, 6.482525, 135896.498446, 0.111195, 0.116630, 0.032860, 0.013424, 0.000775, 1.490992
236, 0.121840, 0.820445, 0.386766, 6.492386, 0.121850, 0.821090, 0.386166, 6.482525, 135896.498446, 0.111215, 0.116630, 0.032860, 0.013399, 0.000775, 1.490992
237, 0.080471, 0.813171, 0.368078, 15.991240, 0.080450, 0.813332, 0.367377, 15.957992, 422076.540537, 0.111236, 0.116630, 0.032860, 0.013374, -0.014350, 4.633895
238, 0.121840, 0.820445, 0.386766, 6.492386, 0.121850, 0.821090, 0.386166, 6.482525, 135896.498446, 0.111257, 0.116630, 0.032860, 0.013350, 0.000775, 1.490992
239, 0.121840, 0.820445, 0.386766, 6.492386, 0.121850, 0.821090, 0.386166, 6.482525, 135896.498446, 0.111275, 0.116630, 0.032860, 0.013325, 0.000775, 1.490992
240, 0.080585, 0.809859, 0.368004, 16.387660, 0.080563, 0.809702, 0.367219, 16.352726, 424561.263694, 0.111295, 0.116630, 0.032860, 0.013301, -0.014964, 4.661480
241, 0.121840, 0.820445, 0.386766, 6.492386, 0.121850, 0.821090, 0.386166, 6.482525, 135896.498446, 0.111316, 0.116630, 0.032860, 0.013277, 0.000775, 1.490992
242, 0.121840, 0.820445, 0.386766, 6.492386, 0.121850, 0.821090, 0.386166, 6.482525, 135896.498446, 0.111335, 0.116630, 0.032860, 0.013253, 0.000775, 1.490992
243, 0.075262, 0.813826, 0.366079, 16.033792, 0.075253, 0.813805, 0.365333, 15.997352, 426800.710445, 0.111357, 0.116630, 0.032860, 0.013230, -0.015024, 4.687204
244, 0.121840, 0.820445, 0.386766, 6.492386, 0.121850, 0.821090, 0.386166, 6.482525, 135896.498446, 0.111377, 0.116630, 0.032860, 0.013207, 0.000775, 1.490992
245, 0.121840, 0.820445, 0.386766, 6.492386, 0.121850, 0.821090, 0.386166, 6.482525, 135896.498446, 0.111401, 0.117138, 0.032860, 0.013185, 0.000775, 1.490992
246, 0.077596, 0.811341, 0.366630, 15.650100, 0.077554, 0.810909, 0.365850, 15.615880, 429634.878419, 0.111422, 0.117138, 0.032860, 0.013162, -0.015011, 4.716608
247, 0.121840, 0.820445, 0.386766, 6.492386, 0.121850, 0.821090, 0.386166, 6.482525, 135896.498446, 0.111443, 0.117138, 0.032860, 0.013140, 0.000775, 1.490992
248, 0.121840, 0.820445, 0.386766, 6.492386, 0.121850, 0.821090, 0.386166, 6.482525, 135896.498446, 0.111461, 0.117138, 0.032860, 0.013116, 0.000775, 1.490992
249, 0.085536, 0.806011, 0.367202, 14.828960, 0.085476, 0.805787, 0.366458, 14.796481, 432286.032851, 0.111478, 0.117138, 0.032860, 0.013093, -0.013943, 4.744692
250, 0.121840, 0.820445, 0.386766, 6.492386, 0.121850, 0.821090, 0.386166, 6.482525, 135896.498446, 0.111498, 0.117138, 0.032860, 0.013070, 0.000775, 1.490992
251, 0.121840, 0.820445, 0.386766, 6.492386, 0.121850, 0.821090, 0.386166, 6.482525, 135896.498446, 0.111516, 0.117138, 0.032860, 0.013047, 0.000775, 1.490992
252, 0.070399, 0.818429, 0.368016, 15.063657, 0.070375, 0.818350, 0.367191, 15.028317, 434603.609626, 0.111533, 0.117138, 0.032860, 0.013024, -0.012199, 4.770821
253, 0.121840, 0.820445, 0.386766, 6.492386, 0.121850, 0.821090, 0.386166, 6.482525, 135896.498446, 0.111550, 0.117138, 0.032860, 0.013001, 0.000775, 1.490992
254, 0.121840, 0.820445, 0.386766, 6.492386, 0.121850, 0.821090, 0.386166, 6.482525, 135896.498446, 0.111570, 0.117138, 0.032860, 0.012980, 0.000775, 1.490992
255, 0.076839, 0.810954, 0.368427, 15.187516, 0.076778, 0.810717, 0.367618, 15.152007, 437152.375562, 0.111591, 0.117138, 0.032860, 0.012958, -0.014137, 4.798806
256, 0.121840, 0.820445, 0.386766, 6.492386, 0.121850, 0.821090, 0.386166, 6.482525, 135896.498446, 0.111607, 0.117138, 0.032860, 0.012936, 0.000775, 1.490992
257, 0.121840, 0.820445, 0.386766, 6.492386, 0.121850, 0.821090, 0.386166, 6.482525, 135896.498446, 0.111627, 0.117138, 0.032860, 0.012914, 0.000775, 1.490992
258, 0.072133, 0.814935, 0.368398, 14.290460, 0.072095, 0.814562, 0.367600, 14.258314, 439586.541665, 0.111648, 0.117163, 0.032860, 0.012894, -0.014572, 4.825869
259, 0.121840, 0.820445, 0.386766, 6.492386, 0.121850, 0.821090, 0.386166, 6.482525, 135896.498446, 0.111669, 0.117163, 0.032860, 0.012873, 0.000775, 1.490992
260, 0.121840, 0.820445, 0.386766, 6.492386, 0.121850, 0.821090, 0.386166, 6.482525, 135896.498446, 0.111685, 0.117163, 0.032860, 0.012851, 0.000775, 1.490992
261, 0.076859, 0.810731, 0.369197, 14.987074, 0.076825, 0.810516, 0.368368, 14.955462, 442193.271546, 0.111705, 0.117163, 0.032860, 0.012830, -0.012366, 4.852057
262, 0.121840, 0.820445, 0.386766, 6.492386, 0.121850, 0.821090, 0.386166, 6.482525, 135896.498446, 0.111726, 0.117163, 0.032860, 0.012810, 0.000775, 1.490992
263, 0.121840, 0.820445, 0.386766, 6.492386, 0.121850, 0.821090, 0.386166, 6.482525, 135896.498446, 0.111746, 0.117163, 0.032860, 0.012790, 0.000775, 1.490992
264, 0.075021, 0.812262, 0.369808, 15.250150, 0.074988, 0.811960, 0.369044, 15.220620, 444964.635084, 0.111763, 0.117163, 0.032860, 0.012769, -0.011539, 4.880602
265, 0.121840, 0.820445, 0.386766, 6.492386, 0.121850, 0.821090, 0.386166, 6.482525, 135896.498446, 0.111778, 0.117163, 0.032860, 0.012747, 0.000775, 1.490992
266, 0.121840, 0.820445, 0.386766, 6.492386, 0.121850, 0.821090, 0.386166, 6.482525, 135896.498446, 0.111796, 0.117163, 0.032860, 0.012726, 0.000775, 1.490992
267, 0.082590, 0.806508, 0.368996, 15.064250, 0.082541, 0.806197, 0.368207, 15.031875, 447631.966121, 0.111818, 0.117567, 0.032860, 0.012707, -0.014094, 4.910877
268, 0.121840, 0.820445, 0.386766, 6.492386, 0.121850, 0.821090, 0.386166, 6.482525, 135896.498446, 0.111834, 0.117567, 0.032860, 0.012686, 0.000775, 1.490992
269, 0.121840, 0.820445, 0.386766, 6.492386, 0.121850, 0.821090, 0.386166, 6.482525, 135896.498446, 0.111851, 0.117567, 0.032860, 0.012666, 0.000775, 1.490992
270, 0.079479, 0.807722, 0.370260, 15.301047, 0.079423, 0.807399, 0.369438, 15.267221, 450087.019601, 0.111869, 0.117567, 0.032860, 0.012646, -0.013254, 4.936746
271, 0.121840, 0.820445, 0.386766, 6.492386, 0.121850, 0.821090, 0.386166, 6.482525, 135896.498446, 0.111884, 0.117567, 0.032860, 0.012625, 0.000775, 1.490992
272, 0.121840, 0.820445, 0.386766, 6.492386, 0.121850, 0.821090, 0.386166, 6.482525, 135896.498446, 0.111903, 0.117567, 0.032860, 0.012606, 0.000775, 1.490992
273, 0.079770, 0.807255, 0.371059, 15.413812, 0.079687, 0.806859, 0.370290, 15.380244, 452415.372812, 0.111920, 0.117567, 0.032860, 0.012586, -0.011917, 4.963163
274, 0.121840, 0.820445, 0.386766, 6.492386, 0.121850, 0.821090, 0.386166, 6.482525, 135896.498446, 0.111939, 0.117567, 0.032860, 0.012567, 0.000775, 1.490992
275, 0.121840, 0.820445, 0.386766, 6.492386, 0.121850, 0.821090, 0.386166, 6.482525, 135896.498446, 0.111958, 0.117567, 0.032860, 0.012548, 0.000775, 1.490992
276, 0.072673, 0.813571, 0.373174, 16.224796, 0.072629, 0.813446, 0.372422, 16.187425, 454767.954797, 0.111972, 0.117567, 0.032860, 0.012527, -0.011439, 4.989531
277, 0.121840, 0.820445, 0.386766, 6.492386, 0.121850, 0.821090, 0.386166, 6.482525, 135896.498446, 0.111984, 0.117567, 0.032860, 0.012506, 0.000775, 1.490992
278, 0.121840, 0.820445, 0.386766, 6.492386, 0.121850, 0.821090, 0.386166, 6.482525, 135896.498446, 0.111993, 0.117567, 0.032860, 0.012485, 0.000775, 1.490992
279, 0.073320, 0.811174, 0.371865, 15.616139, 0.073261, 0.810846, 0.371071, 15.579728, 457271.132349, 0.112010, 0.117567, 0.032860, 0.012465, -0.010441, 5.015502
280, 0.121840, 0.820445, 0.386766, 6.492386, 0.121850, 0.821090, 0.386166, 6.482525, 135896.498446, 0.112022, 0.117567, 0.032860, 0.012445, 0.000775, 1.490992
281, 0.121840, 0.820445, 0.386766, 6.492386, 0.121850, 0.821090, 0.386166, 6.482525, 135896.498446, 0.112039, 0.117567, 0.032860, 0.012426, 0.000775, 1.490992
282, 0.077379, 0.807332, 0.372415, 15.963408, 0.077355, 0.807260, 0.371624, 15.923917, 459317.064798, 0.112057, 0.117567, 0.032860, 0.012407, -0.009956, 5.039647
283, 0.121840, 0.820445, 0.386766, 6.492386, 0.121850, 0.821090, 0.386166, 6.482525, 135896.498446, 0.112073, 0.117567, 0.032860, 0.012388, 0.000775, 1.490992
284, 0.121840, 0.820445, 0.386766, 6.492386, 0.121850, 0.821090, 0.386166, 6.482525, 135896.498446, 0.112089, 0.117567, 0.032860, 0.012369, 0.000775, 1.490992
285, 0.078700, 0.806092, 0.371366, 15.662233, 0.078686, 0.806112, 0.370602, 15.626114, 461413.985927, 0.112107, 0.117567, 0.032860, 0.012351, -0.009580, 5.064367
286, 0.121840, 0.820445, 0.386766, 6.492386, 0.121850, 0.821090, 0.386166, 6.482525, 135896.498446, 0.112126, 0.117567, 0.032860, 0.012334, 0.000775, 1.490992
287, 0.121840, 0.820445, 0.386766, 6.492386, 0.121850, 0.821090, 0.386166, 6.482525, 135896.498446, 0.112137, 0.117567, 0.032860, 0.012314, 0.000775, 1.490992
288, 0.081603, 0.803372, 0.369890, 15.532433, 0.081612, 0.803474, 0.369155, 15.496731, 463982.498131, 0.112154, 0.117567, 0.032860, 0.012296, -0.010083, 5.091816
289, 0.121840, 0.820445, 0.386766, 6.492386, 0.121850, 0.821090, 0.386166, 6.482525, 135896.498446, 0.112171, 0.117567, 0.032860, 0.012278, 0.000775, 1.490992
290, 0.121840, 0.820445, 0.386766, 6.492386, 0.121850, 0.821090, 0.386166, 6.482525, 135896.498446, 0.112188, 0.117567, 0.032860, 0.012260, 0.000775, 1.490992
291, 0.078875, 0.805432, 0.369926, 15.138728, 0.078860, 0.805526, 0.369166, 15.098033, 466365.421875, 0.112205, 0.117567, 0.032860, 0.012242, -0.007928, 5.118265
292, 0.121840, 0.820445, 0.386766, 6.492386, 0.121850, 0.821090, 0.386166, 6.482525, 135896.498446, 0.112223, 0.117567, 0.032860, 0.012225, 0.000775, 1.490992
293, 0.121840, 0.820445, 0.386766, 6.492386, 0.121850, 0.821090, 0.386166, 6.482525, 135896.498446, 0.112238, 0.117567, 0.032860, 0.012207, 0.000775, 1.490992
294, 0.066535, 0.821106, 0.369801, 15.601204, 0.066507, 0.821101, 0.369105, 15.561298, 468710.831549, 0.112254, 0.117567, 0.032860, 0.012189, -0.007827, 5.143414
295, 0.121840, 0.820445, 0.386766, 6.492386, 0.121850, 0.821090, 0.386166, 6.482525, 135896.498446, 0.112270, 0.117567, 0.032860, 0.012172, 0.000775, 1.490992
296, 0.121840, 0.820445, 0.386766, 6.492386, 0.121850, 0.821090, 0.386166, 6.482525, 135896.498446, 0.112286, 0.117567, 0.032860, 0.012154, 0.000775, 1.490992
297, 0.086046, 0.803482, 0.369952, 15.901444, 0.086014, 0.803415, 0.369239, 15.862052, 470997.839721, 0.112302, 0.117567, 0.032860, 0.012137, -0.008219, 5.168350
298, 0.121840, 0.820445, 0.386766, 6.492386, 0.121850, 0.821090, 0.386166, 6.482525, 135896.498446, 0.112318, 0.117567, 0.032860, 0.012120, 0.000775, 1.490992
299, 0.121840, 0.820445, 0.386766, 6.492386, 0.121850, 0.821090, 0.386166, 6.482525, 135896.498446, 0.112332, 0.117567, 0.032860, 0.012102, 0.000775, 1.490992
300, 0.081221, 0.807081, 0.371340, 16.219800, 0.081200, 0.807184, 0.370601, 16.177754, 473171.795962, 0.112348, 0.117567, 0.032860, 0.012085, -0.010276, 5.193714
301, 0.121840, 0.820445, 0.386766, 6.492386, 0.121850, 0.821090, 0.386166, 6.482525, 135896.498446, 0.112360, 0.117567, 0.032860, 0.012067, 0.000775, 1.490992
302, 0.121840, 0.820445, 0.386766, 6.492386, 0.121850, 0.821090, 0.386166, 6.482525, 135896.498446, 0.112375, 0.117567, 0.032860, 0.012049, 0.000775, 1.490992
303, 0.078098, 0.808210, 0.369194, 15.492713, 0.078107, 0.808357, 0.368464, 15.455313, 475502.265315, 0.112389, 0.117567, 0.032860, 0.012032, -0.010007, 5.219428
304, 0.121840, 0.820445, 0.386766, 6.492386, 0.121850, 0.821090, 0.386166, 6.482525, 135896.498446, 0.112401, 0.117567, 0.032860, 0.012014, 0.000775, 1.490992
305, 0.121840, 0.820445, 0.386766, 6.492386, 0.121850, 0.821090, 0.386166, 6.482525, 135896.498446, 0.112415, 0.117567, 0.032860, 0.011996, 0.000775, 1.490992
306, 0.069720, 0.814167, 0.370694, 15.491994, 0.069732, 0.814286, 0.370013, 15.454807, 477818.792080, 0.112428, 0.117567, 0.032860, 0.011979, -0.011033, 5.243936
307, 0.121840, 0.820445, 0.386766, 6.492386, 0.121850, 0.821090, 0.386166, 6.482525, 135896.498446, 0.112444, 0.117567, 0.032860, 0.011963, 0.000775, 1.490992
308, 0.121840, 0.820445, 0.386766, 6.492386, 0.121850, 0.821090, 0.386166, 6.482525, 135896.498446, 0.112456, 0.117567, 0.032860, 0.011945, 0.000775, 1.490992
309, 0.070069, 0.814072, 0.370400, 16.097421, 0.070086, 0.814228, 0.369755, 16.059495, 479837.183657, 0.112468, 0.117567, 0.032860, 0.011928, -0.010681, 5.268701
310, 0.121840, 0.820445, 0.386766, 6.492386, 0.121850, 0.821090, 0.386166, 6.482525, 135896.498446, 0.112482, 0.117567, 0.032860, 0.011911, 0.000775, 1.490992
311, 0.121840, 0.820445, 0.386766, 6.492386, 0.121850, 0.821090, 0.386166, 6.482525, 135896.498446, 0.112497, 0.117567, 0.032860, 0.011895, 0.000775, 1.490992
312, 0.071906, 0.813098, 0.368246, 16.085224, 0.071848, 0.812776, 0.367516, 16.046945, 481917.320995, 0.112510, 0.117567, 0.032860, 0.011878, -0.008848, 5.291718
313, 0.121840, 0.820445, 0.386766, 6.492386, 0.121850, 0.821090, 0.386166, 6.482525, 135896.498446, 0.112523, 0.117567, 0.032860, 0.011861, 0.000775, 1.490992
314, 0.121840, 0.820445, 0.386766, 6.492386, 0.121850, 0.821090, 0.386166, 6.482525, 135896.498446, 0.112535, 0.117567, 0.032860, 0.011844, 0.000775, 1.490992
315, 0.076755, 0.809072, 0.368239, 16.061305, 0.076726, 0.808970, 0.367576, 16.025809, 483842.527587, 0.112550, 0.117567, 0.032860, 0.011829, -0.007315, 5.313110
316, 0.121840, 0.820445, 0.386766, 6.492386, 0.121850, 0.821090, 0.386166, 6.482525, 135896.498446, 0.112565, 0.117567, 0.032860, 0.011813, 0.000775, 1.490992
317, 0.121840, 0.820445, 0.386766, 6.492386, 0.121850, 0.821090, 0.386166, 6.482525, 135896.498446, 0.112579, 0.117567, 0.032860, 0.011797, 0.000775, 1.490992
318, 0.071386, 0.813820, 0.366986, 16.654157, 0.071357, 0.813716, 0.366295, 16.614426, 485965.655605, 0.112593, 0.117567, 0.032860, 0.011781, -0.004877, 5.337689
319, 0.121840, 0.820445, 0.386766, 6.492386, 0.121850, 0.821090, 0.386166, 6.482525, 135896.498446, 0.112608, 0.117567, 0.032860, 0.011765, 0.000775, 1.490992
320, 0.121840, 0.820445, 0.386766, 6.492386, 0.121850, 0.821090, 0.386166, 6.482525, 135896.498446, 0.112624, 0.117733, 0.032860, 0.011750, 0.000775, 1.490992
321, 0.077086, 0.808107, 0.366036, 16.199305, 0.077051, 0.807767, 0.365374, 16.161100, 488236.333515, 0.112638, 0.117733, 0.032860, 0.011735, -0.006465, 5.361406
322, 0.121840, 0.820445, 0.386766, 6.492386, 0.121850, 0.821090, 0.386166, 6.482525, 135896.498446, 0.112651, 0.117733, 0.032860, 0.011719, 0.000775, 1.490992
