iter, hl, mif1, avp, log_loss, hl_val, mif1_val, avp_val, log_loss_val, sparsity, HV_mu, HV_max, HV_min, HV_std, weight_mu, weight_std
1, 0.389441, 0.916243, 0.505404, 4.821405, 0.389420, 0.916412, 0.504281, 4.810418, 91380.594713, 0.028267, 0.028267, 0.028267, 0.000000, -0.002217, 1.003305
2, 0.407377, 0.907790, 0.461095, 4.482767, 0.407527, 0.908094, 0.460398, 4.474616, 94711.064661, 0.030457, 0.032647, 0.028267, 0.002190, 0.001022, 1.040819
3, 0.329044, 0.906410, 0.412543, 4.522708, 0.328833, 0.906441, 0.411576, 4.506438, 99286.061904, 0.033930, 0.040876, 0.028267, 0.005227, 0.000321, 1.090514
4, 0.205463, 0.884454, 0.423389, 6.085941, 0.205484, 0.884611, 0.422519, 6.069897, 102544.677568, 0.038681, 0.052936, 0.028267, 0.009393, 0.003352, 1.127779
5, 0.205463, 0.884454, 0.423389, 6.085941, 0.205484, 0.884611, 0.422519, 6.069897, 102544.677568, 0.039765, 0.052936, 0.028267, 0.008676, 0.003352, 1.127779
6, 0.205463, 0.884454, 0.423389, 6.085941, 0.205484, 0.884611, 0.422519, 6.069897, 102544.677568, 0.041984, 0.053083, 0.028267, 0.009347, 0.003352, 1.127779
7, 0.264129, 0.885382, 0.443635, 4.306648, 0.264042, 0.885431, 0.442275, 4.293954, 73228.721852, 0.043784, 0.054580, 0.028267, 0.009711, -0.001739, 0.803613
8, 0.205463, 0.884454, 0.423389, 6.085941, 0.205484, 0.884611, 0.422519, 6.069897, 102544.677568, 0.045276, 0.055717, 0.028267, 0.009905, 0.003352, 1.127779
9, 0.205463, 0.884454, 0.423389, 6.085941, 0.205484, 0.884611, 0.422519, 6.069897, 102544.677568, 0.046318, 0.055717, 0.028267, 0.009792, 0.003352, 1.127779
10, 0.154058, 0.842264, 0.391112, 5.466671, 0.154020, 0.842515, 0.390320, 5.453962, 123339.405823, 0.049811, 0.081247, 0.028267, 0.014004, -0.002179, 1.354213
11, 0.247699, 0.880950, 0.395847, 4.605752, 0.247644, 0.881055, 0.394962, 4.592003, 91870.285190, 0.050658, 0.081247, 0.028267, 0.013618, -0.003738, 1.009009
12, 0.154058, 0.842264, 0.391112, 5.466671, 0.154020, 0.842515, 0.390320, 5.453962, 123339.405823, 0.052072, 0.081247, 0.028267, 0.013857, -0.002179, 1.354213
13, 0.154058, 0.842264, 0.391112, 5.466671, 0.154020, 0.842515, 0.390320, 5.453962, 123339.405823, 0.053172, 0.081247, 0.028267, 0.013847, -0.002179, 1.354213
14, 0.177326, 0.839714, 0.389296, 4.928234, 0.177312, 0.840053, 0.388445, 4.916635, 103463.735594, 0.055134, 0.081247, 0.028267, 0.015104, -0.003399, 1.137659
15, 0.154058, 0.842264, 0.391112, 5.466671, 0.154020, 0.842515, 0.390320, 5.453962, 123339.405823, 0.057099, 0.084605, 0.028267, 0.016339, -0.002179, 1.354213
16, 0.154058, 0.842264, 0.391112, 5.466671, 0.154020, 0.842515, 0.390320, 5.453962, 123339.405823, 0.058671, 0.084605, 0.028267, 0.016951, -0.002179, 1.354213
17, 0.212962, 0.836980, 0.383071, 5.668526, 0.212936, 0.837190, 0.382256, 5.656891, 114275.507389, 0.060405, 0.088149, 0.028267, 0.017848, 0.000418, 1.255330
18, 0.154058, 0.842264, 0.391112, 5.466671, 0.154020, 0.842515, 0.390320, 5.453962, 123339.405823, 0.062111, 0.091106, 0.028267, 0.018717, -0.002179, 1.354213
19, 0.154058, 0.842264, 0.391112, 5.466671, 0.154020, 0.842515, 0.390320, 5.453962, 123339.405823, 0.063748, 0.093206, 0.028267, 0.019496, -0.002179, 1.354213
20, 0.147252, 0.813822, 0.374456, 5.930006, 0.147253, 0.814081, 0.373711, 5.917947, 123974.463747, 0.065397, 0.096741, 0.028267, 0.020317, -0.000338, 1.362815
21, 0.154058, 0.842264, 0.391112, 5.466671, 0.154020, 0.842515, 0.390320, 5.453962, 123339.405823, 0.067090, 0.100944, 0.028267, 0.021223, -0.002179, 1.354213
22, 0.154058, 0.842264, 0.391112, 5.466671, 0.154020, 0.842515, 0.390320, 5.453962, 123339.405823, 0.068614, 0.100944, 0.028267, 0.021880, -0.002179, 1.354213
23, 0.148531, 0.814398, 0.377314, 6.337525, 0.148542, 0.814661, 0.376669, 6.326330, 132753.893604, 0.069422, 0.100944, 0.028267, 0.021732, -0.000666, 1.458693
24, 0.154058, 0.842264, 0.391112, 5.466671, 0.154020, 0.842515, 0.390320, 5.453962, 123339.405823, 0.070814, 0.102813, 0.028267, 0.022297, -0.002179, 1.354213
25, 0.154058, 0.842264, 0.391112, 5.466671, 0.154020, 0.842515, 0.390320, 5.453962, 123339.405823, 0.072092, 0.102813, 0.028267, 0.022726, -0.002179, 1.354213
26, 0.148442, 0.813544, 0.377276, 7.470427, 0.148488, 0.813920, 0.376647, 7.460742, 141199.200512, 0.073358, 0.105016, 0.028267, 0.023167, 0.000333, 1.551080
27, 0.154058, 0.842264, 0.391112, 5.466671, 0.154020, 0.842515, 0.390320, 5.453962, 123339.405823, 0.074572, 0.106138, 0.028267, 0.023561, -0.002179, 1.354213
28, 0.154058, 0.842264, 0.391112, 5.466671, 0.154020, 0.842515, 0.390320, 5.453962, 123339.405823, 0.075701, 0.106187, 0.028267, 0.023869, -0.002179, 1.354213
29, 0.124205, 0.808706, 0.372718, 7.361428, 0.124255, 0.808925, 0.372098, 7.348452, 149289.843299, 0.076796, 0.107432, 0.028267, 0.024158, 0.000717, 1.639702
30, 0.154058, 0.842264, 0.391112, 5.466671, 0.154020, 0.842515, 0.390320, 5.453962, 123339.405823, 0.077867, 0.108943, 0.028267, 0.024443, -0.002179, 1.354213
31, 0.154058, 0.842264, 0.391112, 5.466671, 0.154020, 0.842515, 0.390320, 5.453962, 123339.405823, 0.078750, 0.108943, 0.028267, 0.024527, -0.002179, 1.354213
32, 0.145890, 0.809159, 0.369739, 6.838301, 0.145895, 0.809497, 0.369142, 6.824240, 157003.757174, 0.079583, 0.108943, 0.028267, 0.024582, -0.000555, 1.723472
33, 0.154058, 0.842264, 0.391112, 5.466671, 0.154020, 0.842515, 0.390320, 5.453962, 123339.405823, 0.080482, 0.109275, 0.028267, 0.024736, -0.002179, 1.354213
34, 0.154058, 0.842264, 0.391112, 5.466671, 0.154020, 0.842515, 0.390320, 5.453962, 123339.405823, 0.081378, 0.110925, 0.028267, 0.024906, -0.002179, 1.354213
35, 0.115823, 0.806896, 0.372246, 7.920747, 0.115812, 0.807210, 0.371573, 7.905573, 164172.966475, 0.082210, 0.110925, 0.028267, 0.025022, -0.001848, 1.801242
36, 0.154058, 0.842264, 0.391112, 5.466671, 0.154020, 0.842515, 0.390320, 5.453962, 123339.405823, 0.083017, 0.111272, 0.028267, 0.025130, -0.002179, 1.354213
37, 0.154058, 0.842264, 0.391112, 5.466671, 0.154020, 0.842515, 0.390320, 5.453962, 123339.405823, 0.083784, 0.111387, 0.028267, 0.025212, -0.002179, 1.354213
38, 0.104538, 0.810273, 0.371675, 8.531746, 0.104580, 0.810845, 0.371049, 8.516036, 170761.883778, 0.084550, 0.112887, 0.028267, 0.025310, -0.001294, 1.874581
39, 0.154058, 0.842264, 0.391112, 5.466671, 0.154020, 0.842515, 0.390320, 5.453962, 123339.405823, 0.085212, 0.112887, 0.028267, 0.025315, -0.002179, 1.354213
40, 0.154058, 0.842264, 0.391112, 5.466671, 0.154020, 0.842515, 0.390320, 5.453962, 123339.405823, 0.085855, 0.112887, 0.028267, 0.025317, -0.002179, 1.354213
41, 0.100080, 0.811717, 0.370140, 8.621075, 0.100093, 0.812247, 0.369505, 8.606102, 177204.884557, 0.086469, 0.112887, 0.028267, 0.025306, 0.000522, 1.946555
42, 0.154058, 0.842264, 0.391112, 5.466671, 0.154020, 0.842515, 0.390320, 5.453962, 123339.405823, 0.087064, 0.112887, 0.028267, 0.025292, -0.002179, 1.354213
43, 0.154058, 0.842264, 0.391112, 5.466671, 0.154020, 0.842515, 0.390320, 5.453962, 123339.405823, 0.087635, 0.112887, 0.028267, 0.025268, -0.002179, 1.354213
44, 0.087633, 0.813656, 0.371290, 9.675938, 0.087616, 0.814122, 0.370693, 9.657885, 183558.208739, 0.088217, 0.113235, 0.028267, 0.025269, -0.000648, 2.015568
45, 0.154058, 0.842264, 0.391112, 5.466671, 0.154020, 0.842515, 0.390320, 5.453962, 123339.405823, 0.088784, 0.113760, 0.028267, 0.025269, -0.002179, 1.354213
46, 0.154058, 0.842264, 0.391112, 5.466671, 0.154020, 0.842515, 0.390320, 5.453962, 123339.405823, 0.089310, 0.113760, 0.028267, 0.025240, -0.002179, 1.354213
47, 0.088113, 0.813603, 0.369894, 10.160899, 0.088108, 0.814085, 0.369249, 10.144997, 189645.233343, 0.089796, 0.113760, 0.028267, 0.025187, -0.001210, 2.083039
48, 0.154058, 0.842264, 0.391112, 5.466671, 0.154020, 0.842515, 0.390320, 5.453962, 123339.405823, 0.090300, 0.113973, 0.028267, 0.025161, -0.002179, 1.354213
49, 0.154058, 0.842264, 0.391112, 5.466671, 0.154020, 0.842515, 0.390320, 5.453962, 123339.405823, 0.090780, 0.113973, 0.028267, 0.025125, -0.002179, 1.354213
50, 0.085722, 0.817562, 0.368013, 9.964901, 0.085664, 0.818044, 0.367319, 9.948250, 195834.518173, 0.091234, 0.113973, 0.028267, 0.025074, -0.001450, 2.151695
51, 0.154058, 0.842264, 0.391112, 5.466671, 0.154020, 0.842515, 0.390320, 5.453962, 123339.405823, 0.091678, 0.113973, 0.028267, 0.025025, -0.002179, 1.354213
52, 0.154058, 0.842264, 0.391112, 5.466671, 0.154020, 0.842515, 0.390320, 5.453962, 123339.405823, 0.092102, 0.113973, 0.028267, 0.024967, -0.002179, 1.354213
53, 0.093907, 0.813449, 0.370447, 9.996488, 0.093898, 0.813941, 0.369745, 9.975845, 201577.408454, 0.092505, 0.113973, 0.028267, 0.024901, -0.003846, 2.214571
54, 0.154058, 0.842264, 0.391112, 5.466671, 0.154020, 0.842515, 0.390320, 5.453962, 123339.405823, 0.092880, 0.113973, 0.028267, 0.024820, -0.002179, 1.354213
55, 0.154058, 0.842264, 0.391112, 5.466671, 0.154020, 0.842515, 0.390320, 5.453962, 123339.405823, 0.093255, 0.113973, 0.028267, 0.024747, -0.002179, 1.354213
56, 0.090989, 0.814345, 0.369563, 10.896304, 0.090954, 0.814744, 0.368925, 10.874784, 207232.560670, 0.093627, 0.114081, 0.028267, 0.024680, -0.003974, 2.277038
57, 0.154058, 0.842264, 0.391112, 5.466671, 0.154020, 0.842515, 0.390320, 5.453962, 123339.405823, 0.093984, 0.114081, 0.028267, 0.024608, -0.002179, 1.354213
58, 0.154058, 0.842264, 0.391112, 5.466671, 0.154020, 0.842515, 0.390320, 5.453962, 123339.405823, 0.094327, 0.114081, 0.028267, 0.024532, -0.002179, 1.354213
59, 0.088526, 0.814366, 0.368401, 11.223546, 0.088483, 0.814702, 0.367681, 11.200726, 212807.846421, 0.094656, 0.114081, 0.028267, 0.024452, -0.004326, 2.337273
60, 0.154058, 0.842264, 0.391112, 5.466671, 0.154020, 0.842515, 0.390320, 5.453962, 123339.405823, 0.094976, 0.114081, 0.028267, 0.024371, -0.002179, 1.354213
61, 0.154058, 0.842264, 0.391112, 5.466671, 0.154020, 0.842515, 0.390320, 5.453962, 123339.405823, 0.095280, 0.114081, 0.028267, 0.024285, -0.002179, 1.354213
62, 0.085131, 0.816702, 0.367347, 10.942277, 0.085060, 0.817108, 0.366577, 10.918532, 218436.536949, 0.095587, 0.114271, 0.028267, 0.024207, -0.001921, 2.397887
63, 0.154058, 0.842264, 0.391112, 5.466671, 0.154020, 0.842515, 0.390320, 5.453962, 123339.405823, 0.095890, 0.114720, 0.028267, 0.024133, -0.002179, 1.354213
64, 0.154058, 0.842264, 0.391112, 5.466671, 0.154020, 0.842515, 0.390320, 5.453962, 123339.405823, 0.096169, 0.114720, 0.028267, 0.024046, -0.002179, 1.354213
65, 0.091736, 0.813784, 0.368000, 11.251496, 0.091721, 0.814383, 0.367360, 11.227461, 223721.219042, 0.096447, 0.114720, 0.028267, 0.023964, -0.004258, 2.456095
66, 0.154058, 0.842264, 0.391112, 5.466671, 0.154020, 0.842515, 0.390320, 5.453962, 123339.405823, 0.096701, 0.114720, 0.028267, 0.023870, -0.002179, 1.354213
67, 0.154058, 0.842264, 0.391112, 5.466671, 0.154020, 0.842515, 0.390320, 5.453962, 123339.405823, 0.096961, 0.114720, 0.028267, 0.023785, -0.002179, 1.354213
68, 0.080709, 0.818555, 0.368956, 11.795319, 0.080647, 0.818876, 0.368269, 11.770706, 228755.920002, 0.097208, 0.114720, 0.028267, 0.023695, -0.006783, 2.510736
69, 0.154058, 0.842264, 0.391112, 5.466671, 0.154020, 0.842515, 0.390320, 5.453962, 123339.405823, 0.097454, 0.114720, 0.028267, 0.023611, -0.002179, 1.354213
70, 0.154058, 0.842264, 0.391112, 5.466671, 0.154020, 0.842515, 0.390320, 5.453962, 123339.405823, 0.097690, 0.114720, 0.028267, 0.023523, -0.002179, 1.354213
71, 0.085284, 0.821619, 0.370519, 11.631967, 0.085208, 0.821813, 0.369806, 11.604788, 233633.628058, 0.097915, 0.114720, 0.028267, 0.023433, -0.006297, 2.564092
72, 0.154058, 0.842264, 0.391112, 5.466671, 0.154020, 0.842515, 0.390320, 5.453962, 123339.405823, 0.098131, 0.114720, 0.028267, 0.023340, -0.002179, 1.354213
73, 0.154058, 0.842264, 0.391112, 5.466671, 0.154020, 0.842515, 0.390320, 5.453962, 123339.405823, 0.098346, 0.114720, 0.028267, 0.023252, -0.002179, 1.354213
74, 0.084756, 0.818391, 0.369698, 12.492199, 0.084693, 0.818679, 0.368971, 12.461771, 238549.714384, 0.098562, 0.114720, 0.028267, 0.023167, -0.005996, 2.617106
75, 0.154058, 0.842264, 0.391112, 5.466671, 0.154020, 0.842515, 0.390320, 5.453962, 123339.405823, 0.098770, 0.114720, 0.028267, 0.023082, -0.002179, 1.354213
76, 0.154058, 0.842264, 0.391112, 5.466671, 0.154020, 0.842515, 0.390320, 5.453962, 123339.405823, 0.098971, 0.114720, 0.028267, 0.022996, -0.002179, 1.354213
77, 0.088472, 0.816748, 0.367240, 12.987763, 0.088381, 0.817197, 0.366580, 12.953357, 243114.769018, 0.099165, 0.114720, 0.028267, 0.022908, -0.004135, 2.667855
78, 0.154058, 0.842264, 0.391112, 5.466671, 0.154020, 0.842515, 0.390320, 5.453962, 123339.405823, 0.099360, 0.114720, 0.028267, 0.022825, -0.002179, 1.354213
79, 0.154058, 0.842264, 0.391112, 5.466671, 0.154020, 0.842515, 0.390320, 5.453962, 123339.405823, 0.099551, 0.114720, 0.028267, 0.022743, -0.002179, 1.354213
80, 0.101032, 0.810420, 0.365517, 12.549645, 0.100963, 0.810636, 0.364855, 12.516176, 247774.232821, 0.099743, 0.114939, 0.028267, 0.022665, -0.003987, 2.718407
81, 0.154058, 0.842264, 0.391112, 5.466671, 0.154020, 0.842515, 0.390320, 5.453962, 123339.405823, 0.099925, 0.114939, 0.028267, 0.022583, -0.002179, 1.354213
82, 0.154058, 0.842264, 0.391112, 5.466671, 0.154020, 0.842515, 0.390320, 5.453962, 123339.405823, 0.100099, 0.114939, 0.028267, 0.022499, -0.002179, 1.354213
83, 0.081335, 0.818707, 0.365595, 12.137408, 0.081311, 0.819127, 0.364934, 12.105681, 251847.489171, 0.100270, 0.114939, 0.028267, 0.022417, -0.001677, 2.764738
84, 0.154058, 0.842264, 0.391112, 5.466671, 0.154020, 0.842515, 0.390320, 5.453962, 123339.405823, 0.100437, 0.114939, 0.028267, 0.022335, -0.002179, 1.354213
85, 0.154058, 0.842264, 0.391112, 5.466671, 0.154020, 0.842515, 0.390320, 5.453962, 123339.405823, 0.100602, 0.114939, 0.028267, 0.022255, -0.002179, 1.354213
86, 0.103234, 0.810288, 0.366198, 12.778151, 0.103153, 0.810256, 0.365474, 12.742685, 256440.609905, 0.100759, 0.114939, 0.028267, 0.022172, 0.000586, 2.816217
87, 0.154058, 0.842264, 0.391112, 5.466671, 0.154020, 0.842515, 0.390320, 5.453962, 123339.405823, 0.100917, 0.114939, 0.028267, 0.022093, -0.002179, 1.354213
88, 0.154058, 0.842264, 0.391112, 5.466671, 0.154020, 0.842515, 0.390320, 5.453962, 123339.405823, 0.101069, 0.114939, 0.028267, 0.022013, -0.002179, 1.354213
89, 0.090617, 0.813695, 0.365358, 12.639486, 0.090582, 0.814119, 0.364677, 12.607032, 260607.150008, 0.101221, 0.114939, 0.028267, 0.021935, 0.001147, 2.861547
90, 0.154058, 0.842264, 0.391112, 5.466671, 0.154020, 0.842515, 0.390320, 5.453962, 123339.405823, 0.101364, 0.114939, 0.028267, 0.021855, -0.002179, 1.354213
91, 0.154058, 0.842264, 0.391112, 5.466671, 0.154020, 0.842515, 0.390320, 5.453962, 123339.405823, 0.101505, 0.114939, 0.028267, 0.021776, -0.002179, 1.354213
92, 0.098504, 0.812708, 0.365770, 12.456602, 0.098429, 0.812895, 0.364993, 12.420468, 264767.887109, 0.101646, 0.114939, 0.028267, 0.021699, 0.000849, 2.906781
93, 0.154058, 0.842264, 0.391112, 5.466671, 0.154020, 0.842515, 0.390320, 5.453962, 123339.405823, 0.101791, 0.115166, 0.028267, 0.021627, -0.002179, 1.354213
94, 0.154058, 0.842264, 0.391112, 5.466671, 0.154020, 0.842515, 0.390320, 5.453962, 123339.405823, 0.101928, 0.115166, 0.028267, 0.021552, -0.002179, 1.354213
95, 0.084470, 0.817204, 0.365425, 13.211701, 0.084461, 0.817663, 0.364740, 13.175855, 269054.707182, 0.102052, 0.115166, 0.028267, 0.021472, -0.000784, 2.953371
96, 0.154058, 0.842264, 0.391112, 5.466671, 0.154020, 0.842515, 0.390320, 5.453962, 123339.405823, 0.102185, 0.115166, 0.028267, 0.021399, -0.002179, 1.354213
97, 0.154058, 0.842264, 0.391112, 5.466671, 0.154020, 0.842515, 0.390320, 5.453962, 123339.405823, 0.102312, 0.115166, 0.028267, 0.021324, -0.002179, 1.354213
98, 0.089924, 0.817914, 0.367634, 13.771565, 0.089842, 0.818259, 0.366928, 13.732119, 272974.319097, 0.102433, 0.115166, 0.028267, 0.021249, -0.000404, 2.996374
99, 0.154058, 0.842264, 0.391112, 5.466671, 0.154020, 0.842515, 0.390320, 5.453962, 123339.405823, 0.102547, 0.115166, 0.028267, 0.021171, -0.002179, 1.354213
100, 0.154058, 0.842264, 0.391112, 5.466671, 0.154020, 0.842515, 0.390320, 5.453962, 123339.405823, 0.102663, 0.115166, 0.028267, 0.021097, -0.002179, 1.354213
101, 0.077765, 0.825006, 0.368080, 13.898678, 0.077756, 0.825673, 0.367379, 13.862001, 277359.276817, 0.102765, 0.115166, 0.028267, 0.021017, -0.000749, 3.043618
102, 0.154058, 0.842264, 0.391112, 5.466671, 0.154020, 0.842515, 0.390320, 5.453962, 123339.405823, 0.102875, 0.115166, 0.028267, 0.020943, -0.002179, 1.354213
103, 0.154058, 0.842264, 0.391112, 5.466671, 0.154020, 0.842515, 0.390320, 5.453962, 123339.405823, 0.102982, 0.115166, 0.028267, 0.020869, -0.002179, 1.354213
104, 0.077668, 0.824384, 0.368943, 13.467165, 0.077657, 0.825216, 0.368271, 13.433138, 281563.534064, 0.103083, 0.115166, 0.028267, 0.020794, -0.000778, 3.090015
105, 0.154058, 0.842264, 0.391112, 5.466671, 0.154020, 0.842515, 0.390320, 5.453962, 123339.405823, 0.103176, 0.115166, 0.028267, 0.020716, -0.002179, 1.354213
106, 0.154058, 0.842264, 0.391112, 5.466671, 0.154020, 0.842515, 0.390320, 5.453962, 123339.405823, 0.103277, 0.115166, 0.028267, 0.020644, -0.002179, 1.354213
107, 0.074476, 0.827876, 0.368745, 13.537700, 0.074442, 0.828284, 0.368051, 13.504909, 285430.832261, 0.103378, 0.115166, 0.028267, 0.020574, -0.002871, 3.131834
108, 0.154058, 0.842264, 0.391112, 5.466671, 0.154020, 0.842515, 0.390320, 5.453962, 123339.405823, 0.103458, 0.115166, 0.028267, 0.020495, -0.002179, 1.354213
109, 0.154058, 0.842264, 0.391112, 5.466671, 0.154020, 0.842515, 0.390320, 5.453962, 123339.405823, 0.103544, 0.115166, 0.028267, 0.020420, -0.002179, 1.354213
110, 0.076293, 0.824819, 0.366977, 13.611753, 0.076265, 0.825266, 0.366278, 13.583658, 288928.617579, 0.103633, 0.115166, 0.028267, 0.020349, -0.002482, 3.172651
111, 0.154058, 0.842264, 0.391112, 5.466671, 0.154020, 0.842515, 0.390320, 5.453962, 123339.405823, 0.103721, 0.115166, 0.028267, 0.020277, -0.002179, 1.354213
112, 0.154058, 0.842264, 0.391112, 5.466671, 0.154020, 0.842515, 0.390320, 5.453962, 123339.405823, 0.103805, 0.115166, 0.028267, 0.020206, -0.002179, 1.354213
113, 0.090767, 0.812998, 0.367923, 13.721543, 0.090744, 0.813631, 0.367205, 13.692226, 292850.955934, 0.103890, 0.115166, 0.028267, 0.020137, -0.003810, 3.216943
114, 0.154058, 0.842264, 0.391112, 5.466671, 0.154020, 0.842515, 0.390320, 5.453962, 123339.405823, 0.103979, 0.115166, 0.028267, 0.020070, -0.002179, 1.354213
115, 0.154058, 0.842264, 0.391112, 5.466671, 0.154020, 0.842515, 0.390320, 5.453962, 123339.405823, 0.104068, 0.115166, 0.028267, 0.020006, -0.002179, 1.354213
116, 0.102019, 0.809634, 0.366301, 13.739204, 0.101968, 0.810013, 0.365653, 13.709438, 296556.424056, 0.104157, 0.115166, 0.028267, 0.019942, -0.003232, 3.257328
117, 0.154058, 0.842264, 0.391112, 5.466671, 0.154020, 0.842515, 0.390320, 5.453962, 123339.405823, 0.104238, 0.115166, 0.028267, 0.019876, -0.002179, 1.354213
118, 0.154058, 0.842264, 0.391112, 5.466671, 0.154020, 0.842515, 0.390320, 5.453962, 123339.405823, 0.104324, 0.115166, 0.028267, 0.019813, -0.002179, 1.354213
119, 0.095867, 0.811018, 0.365439, 14.151441, 0.095838, 0.811398, 0.364748, 14.117184, 300591.551085, 0.104407, 0.115166, 0.028267, 0.019751, -0.002605, 3.300538
120, 0.154058, 0.842264, 0.391112, 5.466671, 0.154020, 0.842515, 0.390320, 5.453962, 123339.405823, 0.104492, 0.115166, 0.028267, 0.019690, -0.002179, 1.354213
121, 0.154058, 0.842264, 0.391112, 5.466671, 0.154020, 0.842515, 0.390320, 5.453962, 123339.405823, 0.104572, 0.115166, 0.028267, 0.019628, -0.002179, 1.354213
122, 0.087621, 0.816354, 0.366310, 14.573123, 0.087615, 0.817048, 0.365637, 14.538972, 304214.679907, 0.104653, 0.115166, 0.028267, 0.019568, -0.002590, 3.340844
123, 0.154058, 0.842264, 0.391112, 5.466671, 0.154020, 0.842515, 0.390320, 5.453962, 123339.405823, 0.104732, 0.115166, 0.028267, 0.019507, -0.002179, 1.354213
124, 0.154058, 0.842264, 0.391112, 5.466671, 0.154020, 0.842515, 0.390320, 5.453962, 123339.405823, 0.104811, 0.115166, 0.028267, 0.019448, -0.002179, 1.354213
125, 0.089112, 0.817192, 0.367170, 15.366555, 0.089087, 0.817647, 0.366497, 15.328988, 307845.103264, 0.104890, 0.115166, 0.028267, 0.019390, -0.002104, 3.379705
126, 0.154058, 0.842264, 0.391112, 5.466671, 0.154020, 0.842515, 0.390320, 5.453962, 123339.405823, 0.104965, 0.115166, 0.028267, 0.019332, -0.002179, 1.354213
127, 0.154058, 0.842264, 0.391112, 5.466671, 0.154020, 0.842515, 0.390320, 5.453962, 123339.405823, 0.105045, 0.115166, 0.028267, 0.019276, -0.002179, 1.354213
128, 0.084916, 0.817292, 0.365919, 15.114139, 0.084906, 0.817787, 0.365220, 15.078532, 311646.331576, 0.105120, 0.115166, 0.028267, 0.019219, -0.002594, 3.420193
129, 0.154058, 0.842264, 0.391112, 5.466671, 0.154020, 0.842515, 0.390320, 5.453962, 123339.405823, 0.105194, 0.115166, 0.028267, 0.019163, -0.002179, 1.354213
130, 0.154058, 0.842264, 0.391112, 5.466671, 0.154020, 0.842515, 0.390320, 5.453962, 123339.405823, 0.105268, 0.115166, 0.028267, 0.019107, -0.002179, 1.354213
131, 0.085584, 0.817058, 0.366951, 15.557410, 0.085556, 0.817502, 0.366297, 15.520030, 314947.649995, 0.105338, 0.115166, 0.028267, 0.019051, -0.003176, 3.457873
132, 0.154058, 0.842264, 0.391112, 5.466671, 0.154020, 0.842515, 0.390320, 5.453962, 123339.405823, 0.105406, 0.115166, 0.028267, 0.018995, -0.002179, 1.354213
133, 0.154058, 0.842264, 0.391112, 5.466671, 0.154020, 0.842515, 0.390320, 5.453962, 123339.405823, 0.105473, 0.115166, 0.028267, 0.018939, -0.002179, 1.354213
134, 0.089309, 0.813296, 0.368069, 15.726747, 0.089284, 0.813830, 0.367390, 15.687398, 318502.011899, 0.105546, 0.115206, 0.028267, 0.018887, -0.004029, 3.494186
135, 0.154058, 0.842264, 0.391112, 5.466671, 0.154020, 0.842515, 0.390320, 5.453962, 123339.405823, 0.105611, 0.115206, 0.028267, 0.018832, -0.002179, 1.354213
136, 0.154058, 0.842264, 0.391112, 5.466671, 0.154020, 0.842515, 0.390320, 5.453962, 123339.405823, 0.105673, 0.115206, 0.028267, 0.018776, -0.002179, 1.354213
137, 0.073277, 0.826986, 0.369437, 15.933422, 0.073225, 0.827440, 0.368756, 15.896542, 321582.942201, 0.105726, 0.115206, 0.028267, 0.018718, -0.001785, 3.528350
138, 0.154058, 0.842264, 0.391112, 5.466671, 0.154020, 0.842515, 0.390320, 5.453962, 123339.405823, 0.105774, 0.115206, 0.028267, 0.018658, -0.002179, 1.354213
139, 0.154058, 0.842264, 0.391112, 5.466671, 0.154020, 0.842515, 0.390320, 5.453962, 123339.405823, 0.105820, 0.115206, 0.028267, 0.018599, -0.002179, 1.354213
140, 0.082500, 0.819700, 0.368846, 16.200084, 0.082505, 0.820367, 0.368140, 16.161968, 325243.261312, 0.105881, 0.115206, 0.028267, 0.018547, -0.002514, 3.568538
141, 0.154058, 0.842264, 0.391112, 5.466671, 0.154020, 0.842515, 0.390320, 5.453962, 123339.405823, 0.105937, 0.115206, 0.028267, 0.018492, -0.002179, 1.354213
142, 0.154058, 0.842264, 0.391112, 5.466671, 0.154020, 0.842515, 0.390320, 5.453962, 123339.405823, 0.105987, 0.115206, 0.028267, 0.018437, -0.002179, 1.354213
143, 0.083394, 0.819762, 0.367734, 16.049197, 0.083343, 0.820221, 0.366998, 16.007682, 328578.960164, 0.106047, 0.115206, 0.028267, 0.018386, -0.002242, 3.606560
144, 0.154058, 0.842264, 0.391112, 5.466671, 0.154020, 0.842515, 0.390320, 5.453962, 123339.405823, 0.106103, 0.115206, 0.028267, 0.018335, -0.002179, 1.354213
145, 0.154058, 0.842264, 0.391112, 5.466671, 0.154020, 0.842515, 0.390320, 5.453962, 123339.405823, 0.106156, 0.115206, 0.028267, 0.018282, -0.002179, 1.354213
146, 0.085630, 0.816144, 0.370087, 17.251831, 0.085578, 0.816249, 0.369394, 17.209862, 331897.530464, 0.106208, 0.115206, 0.028267, 0.018230, -0.000201, 3.643268
147, 0.154058, 0.842264, 0.391112, 5.466671, 0.154020, 0.842515, 0.390320, 5.453962, 123339.405823, 0.106262, 0.115206, 0.028267, 0.018180, -0.002179, 1.354213
148, 0.154058, 0.842264, 0.391112, 5.466671, 0.154020, 0.842515, 0.390320, 5.453962, 123339.405823, 0.106313, 0.115206, 0.028267, 0.018129, -0.002179, 1.354213
149, 0.083409, 0.817990, 0.372360, 16.811577, 0.083399, 0.819007, 0.371653, 16.768624, 334981.292022, 0.106360, 0.115206, 0.028267, 0.018077, 0.001531, 3.676728
150, 0.154058, 0.842264, 0.391112, 5.466671, 0.154020, 0.842515, 0.390320, 5.453962, 123339.405823, 0.106410, 0.115206, 0.028267, 0.018027, -0.002179, 1.354213
151, 0.154058, 0.842264, 0.391112, 5.466671, 0.154020, 0.842515, 0.390320, 5.453962, 123339.405823, 0.106461, 0.115206, 0.028267, 0.017978, -0.002179, 1.354213
152, 0.079279, 0.821395, 0.369040, 16.615820, 0.079285, 0.821893, 0.368365, 16.578303, 338170.577686, 0.106513, 0.115206, 0.028267, 0.017930, -0.000712, 3.713157
153, 0.154058, 0.842264, 0.391112, 5.466671, 0.154020, 0.842515, 0.390320, 5.453962, 123339.405823, 0.106563, 0.115206, 0.028267, 0.017882, -0.002179, 1.354213
154, 0.154058, 0.842264, 0.391112, 5.466671, 0.154020, 0.842515, 0.390320, 5.453962, 123339.405823, 0.106615, 0.115206, 0.028267, 0.017835, -0.002179, 1.354213
155, 0.075671, 0.824249, 0.369165, 16.144786, 0.075621, 0.824753, 0.368448, 16.101394, 341443.581185, 0.106660, 0.115206, 0.028267, 0.017787, -0.001265, 3.749206
156, 0.154058, 0.842264, 0.391112, 5.466671, 0.154020, 0.842515, 0.390320, 5.453962, 123339.405823, 0.106705, 0.115206, 0.028267, 0.017739, -0.002179, 1.354213
157, 0.154058, 0.842264, 0.391112, 5.466671, 0.154020, 0.842515, 0.390320, 5.453962, 123339.405823, 0.106752, 0.115206, 0.028267, 0.017692, -0.002179, 1.354213
158, 0.073305, 0.826363, 0.367322, 15.197395, 0.073232, 0.826885, 0.366600, 15.156344, 344520.204522, 0.106802, 0.115206, 0.028267, 0.017646, -0.002795, 3.782878
159, 0.154058, 0.842264, 0.391112, 5.466671, 0.154020, 0.842515, 0.390320, 5.453962, 123339.405823, 0.106848, 0.115206, 0.028267, 0.017601, -0.002179, 1.354213
160, 0.154058, 0.842264, 0.391112, 5.466671, 0.154020, 0.842515, 0.390320, 5.453962, 123339.405823, 0.106896, 0.115206, 0.028267, 0.017556, -0.002179, 1.354213
161, 0.079382, 0.820322, 0.369397, 15.339768, 0.079339, 0.820843, 0.368661, 15.297031, 347457.060879, 0.106943, 0.115206, 0.028267, 0.017511, -0.005327, 3.817522
162, 0.154058, 0.842264, 0.391112, 5.466671, 0.154020, 0.842515, 0.390320, 5.453962, 123339.405823, 0.106991, 0.115206, 0.028267, 0.017468, -0.002179, 1.354213
163, 0.154058, 0.842264, 0.391112, 5.466671, 0.154020, 0.842515, 0.390320, 5.453962, 123339.405823, 0.107034, 0.115206, 0.028267, 0.017423, -0.002179, 1.354213
164, 0.091300, 0.810974, 0.367195, 14.943467, 0.091265, 0.811394, 0.366507, 14.903630, 350683.314686, 0.107082, 0.115206, 0.028267, 0.017380, -0.006065, 3.852178
165, 0.154058, 0.842264, 0.391112, 5.466671, 0.154020, 0.842515, 0.390320, 5.453962, 123339.405823, 0.107131, 0.115206, 0.028267, 0.017339, -0.002179, 1.354213
166, 0.154058, 0.842264, 0.391112, 5.466671, 0.154020, 0.842515, 0.390320, 5.453962, 123339.405823, 0.107175, 0.115206, 0.028267, 0.017296, -0.002179, 1.354213
167, 0.093352, 0.812728, 0.366063, 14.456647, 0.093299, 0.813107, 0.365282, 14.415365, 354060.298666, 0.107222, 0.115206, 0.028267, 0.017254, -0.004431, 3.888837
168, 0.154058, 0.842264, 0.391112, 5.466671, 0.154020, 0.842515, 0.390320, 5.453962, 123339.405823, 0.107266, 0.115206, 0.028267, 0.017213, -0.002179, 1.354213
169, 0.154058, 0.842264, 0.391112, 5.466671, 0.154020, 0.842515, 0.390320, 5.453962, 123339.405823, 0.107305, 0.115206, 0.028267, 0.017169, -0.002179, 1.354213
170, 0.084651, 0.815166, 0.365031, 14.337822, 0.084642, 0.815701, 0.364311, 14.300593, 357120.422290, 0.107350, 0.115206, 0.028267, 0.017129, -0.004143, 3.922339
171, 0.154058, 0.842264, 0.391112, 5.466671, 0.154020, 0.842515, 0.390320, 5.453962, 123339.405823, 0.107395, 0.115206, 0.028267, 0.017088, -0.002179, 1.354213
172, 0.154058, 0.842264, 0.391112, 5.466671, 0.154020, 0.842515, 0.390320, 5.453962, 123339.405823, 0.107438, 0.115206, 0.028267, 0.017048, -0.002179, 1.354213
173, 0.082971, 0.815392, 0.367004, 14.489526, 0.082914, 0.815757, 0.366234, 14.452897, 360053.926097, 0.107478, 0.115206, 0.028267, 0.017007, -0.002107, 3.956024
174, 0.154058, 0.842264, 0.391112, 5.466671, 0.154020, 0.842515, 0.390320, 5.453962, 123339.405823, 0.107520, 0.115206, 0.028267, 0.016967, -0.002179, 1.354213
175, 0.154058, 0.842264, 0.391112, 5.466671, 0.154020, 0.842515, 0.390320, 5.453962, 123339.405823, 0.107560, 0.115206, 0.028267, 0.016926, -0.002179, 1.354213
176, 0.088462, 0.812198, 0.366440, 14.297324, 0.088401, 0.812609, 0.365755, 14.264632, 363121.349714, 0.107602, 0.115206, 0.028267, 0.016887, -0.000339, 3.989994
177, 0.154058, 0.842264, 0.391112, 5.466671, 0.154020, 0.842515, 0.390320, 5.453962, 123339.405823, 0.107639, 0.115206, 0.028267, 0.016847, -0.002179, 1.354213
178, 0.154058, 0.842264, 0.391112, 5.466671, 0.154020, 0.842515, 0.390320, 5.453962, 123339.405823, 0.107680, 0.115206, 0.028267, 0.016808, -0.002179, 1.354213
179, 0.077480, 0.820846, 0.365483, 14.869379, 0.077443, 0.821326, 0.364757, 14.833815, 366104.870292, 0.107719, 0.115206, 0.028267, 0.016769, -0.000489, 4.023036
180, 0.154058, 0.842264, 0.391112, 5.466671, 0.154020, 0.842515, 0.390320, 5.453962, 123339.405823, 0.107757, 0.115206, 0.028267, 0.016731, -0.002179, 1.354213
181, 0.154058, 0.842264, 0.391112, 5.466671, 0.154020, 0.842515, 0.390320, 5.453962, 123339.405823, 0.107794, 0.115206, 0.028267, 0.016692, -0.002179, 1.354213
182, 0.073245, 0.824156, 0.366134, 14.544502, 0.073226, 0.824877, 0.365400, 14.507927, 369099.504248, 0.107828, 0.115206, 0.028267, 0.016652, -0.002119, 4.054930
183, 0.154058, 0.842264, 0.391112, 5.466671, 0.154020, 0.842515, 0.390320, 5.453962, 123339.405823, 0.107865, 0.115206, 0.028267, 0.016614, -0.002179, 1.354213
184, 0.154058, 0.842264, 0.391112, 5.466671, 0.154020, 0.842515, 0.390320, 5.453962, 123339.405823, 0.107896, 0.115206, 0.028267, 0.016574, -0.002179, 1.354213
185, 0.075469, 0.821675, 0.369187, 15.366493, 0.075429, 0.822262, 0.368405, 15.328212, 371998.187662, 0.107933, 0.115206, 0.028267, 0.016537, 0.001870, 4.087424
186, 0.154058, 0.842264, 0.391112, 5.466671, 0.154020, 0.842515, 0.390320, 5.453962, 123339.405823, 0.107967, 0.115206, 0.028267, 0.016499, -0.002179, 1.354213
187, 0.154058, 0.842264, 0.391112, 5.466671, 0.154020, 0.842515, 0.390320, 5.453962, 123339.405823, 0.108001, 0.115206, 0.028267, 0.016461, -0.002179, 1.354213
188, 0.085579, 0.813111, 0.366701, 15.090525, 0.085513, 0.813515, 0.365999, 15.052100, 375102.043149, 0.108037, 0.115206, 0.028267, 0.016425, 0.001719, 4.121392
189, 0.154058, 0.842264, 0.391112, 5.466671, 0.154020, 0.842515, 0.390320, 5.453962, 123339.405823, 0.108072, 0.115206, 0.028267, 0.016388, -0.002179, 1.354213
190, 0.154058, 0.842264, 0.391112, 5.466671, 0.154020, 0.842515, 0.390320, 5.453962, 123339.405823, 0.108104, 0.115206, 0.028267, 0.016351, -0.002179, 1.354213
191, 0.084747, 0.814385, 0.367623, 15.125821, 0.084716, 0.814812, 0.366890, 15.085182, 378130.471225, 0.108137, 0.115206, 0.028267, 0.016314, -0.001791, 4.154463
192, 0.154058, 0.842264, 0.391112, 5.466671, 0.154020, 0.842515, 0.390320, 5.453962, 123339.405823, 0.108173, 0.115206, 0.028267, 0.016279, -0.002179, 1.354213
193, 0.154058, 0.842264, 0.391112, 5.466671, 0.154020, 0.842515, 0.390320, 5.453962, 123339.405823, 0.108206, 0.115206, 0.028267, 0.016244, -0.002179, 1.354213
194, 0.081317, 0.815825, 0.369121, 14.893641, 0.081256, 0.816188, 0.368354, 14.854515, 381153.942183, 0.108234, 0.115206, 0.028267, 0.016206, -0.001286, 4.186244
195, 0.154058, 0.842264, 0.391112, 5.466671, 0.154020, 0.842515, 0.390320, 5.453962, 123339.405823, 0.108263, 0.115206, 0.028267, 0.016170, -0.002179, 1.354213
196, 0.154058, 0.842264, 0.391112, 5.466671, 0.154020, 0.842515, 0.390320, 5.453962, 123339.405823, 0.108298, 0.115206, 0.028267, 0.016136, -0.002179, 1.354213
197, 0.074096, 0.822324, 0.369838, 15.114563, 0.074067, 0.823049, 0.369007, 15.071385, 384019.975110, 0.108329, 0.115206, 0.028267, 0.016101, -0.002789, 4.217437
198, 0.154058, 0.842264, 0.391112, 5.466671, 0.154020, 0.842515, 0.390320, 5.453962, 123339.405823, 0.108354, 0.115206, 0.028267, 0.016064, -0.002179, 1.354213
199, 0.154058, 0.842264, 0.391112, 5.466671, 0.154020, 0.842515, 0.390320, 5.453962, 123339.405823, 0.108381, 0.115206, 0.028267, 0.016028, -0.002179, 1.354213
200, 0.079867, 0.816385, 0.371490, 15.317745, 0.079824, 0.816821, 0.370653, 15.272266, 386872.107848, 0.108411, 0.115206, 0.028267, 0.015993, -0.003256, 4.250177
201, 0.154058, 0.842264, 0.391112, 5.466671, 0.154020, 0.842515, 0.390320, 5.453962, 123339.405823, 0.108441, 0.115206, 0.028267, 0.015959, -0.002179, 1.354213
202, 0.154058, 0.842264, 0.391112, 5.466671, 0.154020, 0.842515, 0.390320, 5.453962, 123339.405823, 0.108474, 0.115262, 0.028267, 0.015927, -0.002179, 1.354213
203, 0.073317, 0.821173, 0.369632, 15.615931, 0.073261, 0.821668, 0.368889, 15.574128, 389757.599963, 0.108502, 0.115262, 0.028267, 0.015892, -0.003794, 4.282694
204, 0.154058, 0.842264, 0.391112, 5.466671, 0.154020, 0.842515, 0.390320, 5.453962, 123339.405823, 0.108536, 0.115491, 0.028267, 0.015861, -0.002179, 1.354213
205, 0.154058, 0.842264, 0.391112, 5.466671, 0.154020, 0.842515, 0.390320, 5.453962, 123339.405823, 0.108568, 0.115491, 0.028267, 0.015828, -0.002179, 1.354213
206, 0.082587, 0.813998, 0.370534, 15.618440, 0.082553, 0.814537, 0.369665, 15.575288, 392449.527369, 0.108601, 0.115491, 0.028267, 0.015797, -0.003177, 4.312813
207, 0.154058, 0.842264, 0.391112, 5.466671, 0.154020, 0.842515, 0.390320, 5.453962, 123339.405823, 0.108631, 0.115491, 0.028267, 0.015765, -0.002179, 1.354213
208, 0.154058, 0.842264, 0.391112, 5.466671, 0.154020, 0.842515, 0.390320, 5.453962, 123339.405823, 0.108657, 0.115491, 0.028267, 0.015731, -0.002179, 1.354213
209, 0.080798, 0.815780, 0.373132, 16.207163, 0.080772, 0.816312, 0.372245, 16.161262, 395543.889241, 0.108688, 0.115491, 0.028267, 0.015700, -0.003088, 4.345643
210, 0.154058, 0.842264, 0.391112, 5.466671, 0.154020, 0.842515, 0.390320, 5.453962, 123339.405823, 0.108719, 0.115491, 0.028267, 0.015669, -0.002179, 1.354213
211, 0.154058, 0.842264, 0.391112, 5.466671, 0.154020, 0.842515, 0.390320, 5.453962, 123339.405823, 0.108747, 0.115491, 0.028267, 0.015637, -0.002179, 1.354213
212, 0.076258, 0.818199, 0.372190, 16.420067, 0.076190, 0.818770, 0.371371, 16.377778, 398031.998135, 0.108781, 0.115870, 0.028267, 0.015608, -0.001342, 4.373562
213, 0.154058, 0.842264, 0.391112, 5.466671, 0.154020, 0.842515, 0.390320, 5.453962, 123339.405823, 0.108810, 0.115870, 0.028267, 0.015577, -0.002179, 1.354213
214, 0.154058, 0.842264, 0.391112, 5.466671, 0.154020, 0.842515, 0.390320, 5.453962, 123339.405823, 0.108841, 0.115870, 0.028267, 0.015547, -0.002179, 1.354213
215, 0.068852, 0.825683, 0.369193, 16.469953, 0.068841, 0.826522, 0.368396, 16.428787, 400816.200771, 0.108871, 0.115870, 0.028267, 0.015517, -0.000962, 4.402844
216, 0.154058, 0.842264, 0.391112, 5.466671, 0.154020, 0.842515, 0.390320, 5.453962, 123339.405823, 0.108894, 0.115870, 0.028267, 0.015485, -0.002179, 1.354213
217, 0.154058, 0.842264, 0.391112, 5.466671, 0.154020, 0.842515, 0.390320, 5.453962, 123339.405823, 0.108918, 0.115870, 0.028267, 0.015453, -0.002179, 1.354213
218, 0.074620, 0.820648, 0.368486, 16.587446, 0.074552, 0.821346, 0.367677, 16.547509, 403741.602823, 0.108949, 0.115870, 0.028267, 0.015424, -0.002491, 4.433619
219, 0.154058, 0.842264, 0.391112, 5.466671, 0.154020, 0.842515, 0.390320, 5.453962, 123339.405823, 0.108975, 0.115870, 0.028267, 0.015394, -0.002179, 1.354213
220, 0.154058, 0.842264, 0.391112, 5.466671, 0.154020, 0.842515, 0.390320, 5.453962, 123339.405823, 0.109004, 0.115870, 0.028267, 0.015365, -0.002179, 1.354213
221, 0.078305, 0.816744, 0.368351, 15.656997, 0.078217, 0.817274, 0.367470, 15.615198, 406441.811623, 0.109035, 0.116061, 0.028267, 0.015337, -0.002078, 4.463480
222, 0.154058, 0.842264, 0.391112, 5.466671, 0.154020, 0.842515, 0.390320, 5.453962, 123339.405823, 0.109064, 0.116061, 0.028267, 0.015309, -0.002179, 1.354213
223, 0.154058, 0.842264, 0.391112, 5.466671, 0.154020, 0.842515, 0.390320, 5.453962, 123339.405823, 0.109094, 0.116061, 0.028267, 0.015281, -0.002179, 1.354213
224, 0.076176, 0.816661, 0.368430, 15.501225, 0.076088, 0.817223, 0.367601, 15.464700, 409206.860244, 0.109124, 0.116061, 0.028267, 0.015253, -0.000840, 4.493828
225, 0.154058, 0.842264, 0.391112, 5.466671, 0.154020, 0.842515, 0.390320, 5.453962, 123339.405823, 0.109149, 0.116061, 0.028267, 0.015224, -0.002179, 1.354213
226, 0.154058, 0.842264, 0.391112, 5.466671, 0.154020, 0.842515, 0.390320, 5.453962, 123339.405823, 0.109173, 0.116061, 0.028267, 0.015194, -0.002179, 1.354213
227, 0.075513, 0.816651, 0.366932, 16.335245, 0.075431, 0.817341, 0.366167, 16.297477, 411661.643662, 0.109200, 0.116061, 0.028267, 0.015166, -0.000525, 4.521622
228, 0.154058, 0.842264, 0.391112, 5.466671, 0.154020, 0.842515, 0.390320, 5.453962, 123339.405823, 0.109233, 0.116745, 0.028267, 0.015141, -0.002179, 1.354213
229, 0.154058, 0.842264, 0.391112, 5.466671, 0.154020, 0.842515, 0.390320, 5.453962, 123339.405823, 0.109259, 0.116745, 0.028267, 0.015113, -0.002179, 1.354213
230, 0.077346, 0.816061, 0.368035, 16.685237, 0.077299, 0.816712, 0.367274, 16.644257, 414326.301025, 0.109283, 0.116745, 0.028267, 0.015085, -0.000151, 4.550615
231, 0.154058, 0.842264, 0.391112, 5.466671, 0.154020, 0.842515, 0.390320, 5.453962, 123339.405823, 0.109310, 0.116745, 0.028267, 0.015057, -0.002179, 1.354213
232, 0.154058, 0.842264, 0.391112, 5.466671, 0.154020, 0.842515, 0.390320, 5.453962, 123339.405823, 0.109336, 0.116745, 0.028267, 0.015030, -0.002179, 1.354213
233, 0.076240, 0.814946, 0.368409, 16.546164, 0.076193, 0.815656, 0.367720, 16.501960, 417115.840186, 0.109360, 0.116745, 0.028267, 0.015002, -0.003027, 4.581554
234, 0.154058, 0.842264, 0.391112, 5.466671, 0.154020, 0.842515, 0.390320, 5.453962, 123339.405823, 0.109387, 0.116745, 0.028267, 0.014976, -0.002179, 1.354213
235, 0.154058, 0.842264, 0.391112, 5.466671, 0.154020, 0.842515, 0.390320, 5.453962, 123339.405823, 0.109412, 0.116745, 0.028267, 0.014949, -0.002179, 1.354213
236, 0.071891, 0.819500, 0.369443, 17.108523, 0.071852, 0.820231, 0.368797, 17.067791, 419703.154572, 0.109437, 0.116745, 0.028267, 0.014922, -0.000868, 4.610289
237, 0.154058, 0.842264, 0.391112, 5.466671, 0.154020, 0.842515, 0.390320, 5.453962, 123339.405823, 0.109460, 0.116745, 0.028267, 0.014895, -0.002179, 1.354213
