0.718842
0.223137
3.494548
1.418422
1.557359
-0.227696
-1.379036
-0.831311
0.195130
1.982050
1.359374
-1.560278
-1.332623
-1.815776
0.279317
-2.539673
1.026405
-2.788701
-1.285155
-0.013508
3.299478
2.297503
1.900685
-2.373020
1.701758
0.329592
0.051260
2.099197
-0.955032
-2.184839
-2.327505
0.289384
3.166545
2.327004
2.213566
-0.643575
1.525282
0.139705
-0.102881
1.031063
-2.011102
1.566109
1.786435
-0.336906
-1.941876
0.649501
2.640964
1.228942
-2.847782
-1.343704
0.492487
0.917549
-1.382478
0.738382
2.980740
-0.616681
3.423830
1.059589
0.147533
-2.735547
0.073694
0.541751
-1.019249
-0.319579
-1.642955
1.455342
-1.685042
1.499086
0.266802
0.637763
1.843506
0.291898
-2.345995
-1.244619
0.056243
0.409999
-0.229836
-0.653168
-0.006426
-1.743142
-2.208833
1.807830
-0.189033
-1.299765
0.965019
0.413337
-0.066036
-0.398786
2.769354
-0.699837
0.844467
-0.758510
0.247786
0.126995
2.054079
2.901895
-0.008866
1.349287
0.466502
-3.632599
0.318807
1.877758
-2.420795
-0.120394
-2.660927
0.579498
0.527426
1.107269
1.074253
0.847778
1.746985
1.270288
-0.938330
0.137383
0.167537
-1.103849
-1.322779
-1.233322
-1.851928
-0.705357
2.748833
0.050834
-2.317118
1.459075
-2.370101
-0.300547
-0.562989
0.546853
2.482907
-2.052105
-2.327009
-2.617464
-2.135367
-0.369789
0.559854
0.358151
-1.198654
2.992308
1.532648
-0.260392
-0.653184
-1.999610
0.633395
-0.663735
0.984521
-1.192282
-0.238208
3.046585
2.474967
3.078910
-1.948305
0.258545
-0.463767
0.029931
1.247691
1.095911
-1.411026
0.971188
0.272539
0.570401
0.369331
-2.465038
0.570459
1.595063
2.119726
-0.876252
-2.253775
-0.168380
0.172641
-0.059514
0.521832
1.458427
0.593688
0.642352
2.389833
1.351032
2.611598
-1.325622
0.549270
-0.198559
0.726063
-0.984422
-0.741455
0.245493
1.460553
1.027986
-1.884917
-2.022328
-0.380335
0.532600
0.216329
-1.304898
1.439236
-3.661630
1.887846
0.998103
-2.011407
-0.900668
0.375126
-1.961462
1.738905
-1.145576
-0.147850
2.167420
1.348005
-1.294407
0.375653
1.487156
-0.278110
2.221683
-1.661941
0.147611
2.369094
1.298938
-1.153858
3.694446
-0.352108
-0.137864
-0.530633
-1.702354
-1.210004
2.906230
-1.132811
-0.743376
-0.542959
-0.636086
0.923226
-1.073106
-1.002003
2.027782
0.863367
1.926817
-0.961144
-0.062102
1.013151
1.938175
-0.965334
1.125121
-0.754985
0.968820
1.060178
0.957223
-1.807451
0.047567
0.715700
-2.537738
2.199848
-2.476095
-0.272971
-0.263345
0.067775
0.772960
1.726725
-1.103376
3.175763
1.288071
2.437181
-0.373453
0.143765
2.322324
-0.241212
-1.381891
0.409740
2.987362
-1.659019
1.288147
0.354335
-1.341691
1.429957
1.525918
3.824401
2.375495
0.738714
2.791634
-1.536513
0.760065
1.347471
0.275344
0.489769
-0.839892
1.121624
2.538853
1.740208
-0.289139
0.055091
3.769108
-1.456934
-1.623318
1.172377
-0.860003
1.375656
-0.026088
-0.351232
-0.289969
0.916120
2.618560
0.105759
-0.908556
1.397336
-3.042382
1.773893
0.184117
-1.920145
-2.398892
-1.244726
-1.359696
1.080272
1.372141
0.008196
2.191248
-1.056832
0.101592
1.305242
-0.578968
-2.771720
-0.261786
0.345655
-2.031961
2.006752
2.177246
-0.476210
0.258516
4.434429
0.305953
1.616421
0.420326
-3.540218
1.373645
-4.022841
1.079744
0.776576
0.395806
1.832231
3.565984
0.675934
-0.195308
-2.149898
3.110493
1.676376
-1.774786
-0.406557
0.460186
2.790160
0.996732
0.764501
2.407326
1.878420
0.534564
0.094115
-0.259246
-1.610655
2.147407
-1.396654
3.705110
-1.642715
0.258120
4.169836
-0.664189
-2.191714
-0.378360
2.320984
-0.200466
2.465221
-0.295587
5.273985
-0.491565
-1.519049
-0.545911
2.447889
0.444590
0.749152
3.265157
0.486489
-3.427167
0.847882
-0.649329
1.445259
2.362947
0.716262
0.019095
2.461378
1.049580
-2.360733
-1.805909
0.061609
-0.053746
1.502243
-2.960652
-2.050264
-2.534981
-2.005082
-1.048063
-1.275060
-3.529775
2.076474
-0.144044
2.559446
1.080828
0.759855
0.509089
2.700952
-0.093289
-2.697979
-3.353843
-0.360240
-2.670448
-1.729834
1.549272
-0.510257
-0.281900
2.670975
3.230305
-1.911966
-0.368869
1.877719
-0.088658
1.876518
-1.400440
0.640030
-2.942252
-0.623175
1.687626
1.082986
0.841772
-0.591087
1.562515
-1.596754
-1.235424
3.366112
1.107114
-0.172837
-3.478186
1.888921
-0.414553
-0.391508
-0.838547
-0.160192
-3.652756
-3.021654
-2.670193
0.096363
1.067153
-2.033937
-3.003661
1.722663
-0.612021
2.081699
-0.202714
1.017366
-1.005316
-0.148479
-2.175306
0.623278
-3.159079
-1.682643
-3.827980
0.249662
1.455185
3.179012
0.881300
-1.490182
0.819123
1.684077
-1.263692
1.639818
0.104653
-0.285522
1.209176
-1.791327
1.529970
0.531689
-3.273765
-1.188981
1.789370
4.208854
0.724680
0.738901
-1.834126
-0.746997
4.172379
0.643827
0.414983
0.327433
-1.635157
2.737485
1.944821
-0.627807
-1.712060
2.159817
2.768932
0.896527
-0.592827
0.041347
-1.519774
1.844711
-3.273484
1.952871
0.036272
-0.880220
1.481305
-0.849538
2.137487
-0.433084
1.461723
-1.249120
-1.213842
-0.924992
2.885163
-2.531933
-0.930579
0.808457
0.538972
-0.312560
-1.074632
1.461774
0.489876
-2.738354
-0.595947
-0.292203
-0.780845
1.012864
1.554587
0.270925
1.608785
1.355245
-0.036537
-0.201460
2.466073
-0.276002
0.671759
3.059218
1.011600
0.550731
-0.300797
1.391743
-0.603202
-0.507617
0.126313
-1.180410
-0.390396
0.748655
0.752204
2.297245
-1.013962
-0.879606
-0.341871
0.747330
-0.359673
-0.678482
-2.951919
0.381072
3.031145
2.007562
0.853676
-2.643718
-0.744536
-0.306708
-2.270221
-1.511555
0.570181
0.140305
-1.083798
0.789442
0.865488
3.072701
1.333676
-2.543763
-1.004611
-2.309807
0.001793
-1.346134
-1.017978
0.528584
-2.618155
-1.252617
0.168604
1.000047
-0.826976
3.638900
2.184148
1.079949
0.300137
1.207619
-3.508575
-3.788632
3.857400
-1.000551
0.311040
-3.727590
-3.222495
1.134444
-2.496472
3.457465
0.042666
4.195563
1.825948
-1.660953
-0.101074
0.132891
0.518728
-0.304992
-1.414487
-0.135927
0.602004
3.072046
1.079856
0.161035
1.701470
-1.747769
2.404912
-1.942622
-2.287481
0.635441
-0.257165
-0.560492
0.305907
-1.779532
-1.681956
-2.428815
1.010278
-2.049780
-1.710345
-1.195137
1.350885
-0.877355
-3.176489
3.088355
-0.574554
0.561921
0.266355
0.068263
0.415282
-1.128441
1.567525
-0.364948
0.469049
0.478732
-0.415043
1.331097
0.552704
-1.557993
-0.766540
-1.821431
-0.454074
2.273236
0.313988
1.776197
1.346606
0.336408
-2.963126
1.273691
1.247400
-2.208783
-1.076019
-1.794381
-0.428315
1.738727
-0.671882
0.168322
-0.889277
-1.021890
-0.027501
-0.764936
2.500435
0.420195
1.459637
-0.667081
-2.120194
0.071364
1.861376
0.011711
0.150834
-1.674991
3.435677
1.908340
-0.955852
-0.607436
-1.591913
-1.481699
-2.327936
-2.406602
-1.465813
3.474738
2.148949
-1.640264
0.547775
-0.077584
-0.279669
-2.255833
1.446575
-2.691121
0.378083
0.679806
-2.135073
-0.308500
2.416843
-1.380565
-0.853281
-2.993726
-2.353309
-0.314058
-1.334918
0.622653
0.888652
0.421266
2.655100
-0.048601
0.231256
-0.745167
-2.630466
1.546301
0.791806
1.187403
0.730806
-2.845333
0.922193
1.625549
0.286304
-0.653511
3.000657
-0.971707
0.178906
1.854559
0.818808
-0.699187
0.753300
2.350098
0.448311
-1.418478
-1.846845
3.380848
1.264335
-1.381779
-1.423146
-1.237599
1.984427
-0.648405
-1.023769
0.729603
0.491558
0.088689
-1.474361
-2.957040
1.318214
0.296842
-2.605372
-4.531510
0.596961
-2.000419
-1.266694
-1.992043
-1.867313
-0.916421
-0.955035
0.273936
-1.410001
1.402935
-0.570749
-0.841038
0.762423
0.952372
-0.021862
1.752038
1.789142
0.452880
-0.356417
1.837460
1.624760
-1.559457
-0.886271
2.735369
-1.929553
1.624770
2.463274
-1.377732
0.369130
0.207307
-0.465254
-2.193171
0.381108
-0.685996
-2.447988
-3.245734
-0.775476
2.907598
-2.666614
2.117560
1.359100
-2.640953
0.568028
1.229798
-1.183629
2.182536
1.358586
-1.892611
1.882331
-1.334857
1.020399
2.892315
0.460644
2.019999
0.962826
-2.321680
-1.514128
-2.235767
-0.692215
-2.040641
3.873234
0.480821
1.085947
-0.040273
-0.323798
3.246118
2.984515
-0.999722
-1.870059
1.585577
3.425390
-0.773624
1.650596
-0.464094
-0.768383
-1.613347
-1.988434
0.666486
0.201190
0.979155
-0.101076
-0.008701
0.748744
2.245341
-1.600270
0.223252
-1.205425
-1.506826
2.121943
-1.851487
-0.518974
-2.616424
-1.889179
1.009231
-0.294924
1.835847
-2.512981
-3.778207
-2.172468
-1.457481
1.019178
2.375938
-0.094141
-0.545277
1.082244
-2.209441
0.246380
-0.402896
-3.651850
-1.567223
0.216674
3.000568
-0.721515
3.892560
-1.748317
-0.093948
0.737253
-0.176991
1.615804
1.627928
-1.122998
-0.415281
-0.708319
1.657892
-2.375309
0.739973
-0.721825
-1.316847
2.197977
3.300927
-0.042264
-0.362530
-2.556096
-0.769009
-3.170119
-1.698919
0.050457
-2.599674
-1.015949
-0.094931
-0.753022
1.846710
0.933986
-1.827572
0.245996
-0.837105
-3.008087
0.057673
2.017862
0.509151
-0.039947
-1.877722
1.193448
6.273759
1.801507
1.393816
-2.164780
-1.407165
-1.519971
-1.386421
-1.776642
1.033647
-0.449267
-1.272522
-2.275931
-0.459035
-3.838235
-1.705247
0.904238
0.928656
-0.863454
0.960068
2.277441
-0.220271
-1.140585
-1.288991
-1.779498
-1.276042
1.768313
-2.127487
-1.173042
-2.260650
-1.552543
0.423775
0.237357
2.202789
-2.873240
-0.391131
3.806449
1.910141
-2.748911
-0.497809
-0.914047
-1.064044
-0.070767
-2.912558
0.015232
-0.239867
1.940820
0.520204
1.691361
0.171572
-0.812551
-0.262540
1.364877
1.533852
-2.561004
1.396331
0.301263
-1.003811
1.551613
0.773854
-1.312168
-0.377842
0.846930
-2.860056
-1.812261
-1.388605
1.206010
-0.146498
2.394373
-0.555798
-1.739494
1.326477
0.876707
-1.252501
2.311992
-0.787888
-2.360352
1.734039
1.081242
-0.248213
0.741001
-1.255898
-0.030504
-0.863582
2.474252
-0.032937
-1.562760
-0.299365
0.661488
3.163841
1.008632
-0.031035
-0.209369
-1.386269
1.396856
4.185468
-1.081901
1.137202
0.067009
0.814264
-2.177015
-1.785292
-0.914995
-2.438687
-1.121130
-1.044627
0.802842
1.390863
-3.746768
-2.274285
1.100913
0.153991
0.127728
-4.621865
-0.137462
-0.960865
4.122995
0.752337
-0.531901
-1.856505
-2.469355
1.975404
-0.434802
-0.949326
0.442208
-1.071275
-2.468576
1.706640
0.100655
-1.905561
-0.527670
2.100788
-1.336232
3.171062
-1.463249
0.328578
0.250984
-0.589264
-2.139909
0.882326
0.775552
-1.741112
0.919167
4.130244
1.183427
-2.884649
-2.144776
-0.111016
-3.031256
1.439466
1.147484
-0.854671
1.096889
-1.067049
0.011285
-0.121652
3.435146
0.077009
1.544216
1.855779
-1.236438
-1.039605
-0.842462
1.916619
1.386776
-0.527000
-1.006623
0.337083
1.480141
1.411259
1.728933
-0.392299
-1.271820
1.344842
2.694709
0.681075
1.626039
1.905763
2.170123
-0.604943
-1.172332
-0.327015
0.811942
0.719193
-2.955161
-0.414767
-0.544407
1.976568
0.516747
-2.094500
-0.661921
-1.112450
-0.065013
0.426100
-1.686907
-0.362463
-0.790133
0.232043
-1.576996
-1.298754
-2.063858
2.445894
0.641617
0.956717
-0.859580
2.243195
-1.101380
-0.999660
-0.608542
-1.232302
-1.546089
0.026502
1.482396
-4.143337
-2.914471
0.057965
0.076275
2.100062
-2.590572
-2.205641
1.505304
-3.587690
-1.106897
-2.449671
-1.963154
0.133261
-1.594333
-3.301984
0.225256
1.768835
-1.272305
-0.605081
0.713518
1.503882
-1.444419
-1.047227
2.527797
-2.680534
-0.612194
-2.572638
0.683386
1.404373
-1.491175
0.009684
1.056963
-1.759723
0.597356
-0.024468
1.682040
-1.594394
1.796306
1.420495
1.379944
-0.663708
0.984703
-1.364454
-3.292685
-1.676467
0.276320
0.071235
-2.080972
-1.570543
-0.582235
-3.053910
1.044979
-3.240503
0.129772
3.334422
-1.089996
0.408492
-1.449431
-0.062482
-1.406223
2.143688
-0.884180
2.055011
0.353138
2.046644
3.358049
1.525603
-1.252950
1.027747
1.286648
1.813302
1.665183
-3.125256
-1.503158
-0.095629
0.013859
0.175148
-1.749676
3.563612
3.348439
-1.671831
1.521488
0.829724
-1.386663
-0.281191
-2.725856
2.906638
-2.037767
1.300086
-3.258610
-1.985898
0.887024
-0.639354
0.541211
-0.703636
0.934846
0.556501
-0.088479
1.315785
1.083535
2.557930
-0.472045
-2.963818
0.571856
1.946183
3.089334
-0.068918
-3.576639
2.772800
4.116026
0.886028
-1.153346
0.208276
0.323772
-0.028388
2.959518
4.327526
3.694688
-2.837735
2.871992
0.820759
0.553837
-1.564258
2.199527
-1.290853
-1.161458
-0.579648
-2.358295
-2.705054
2.095790
-1.185061
2.372602
1.542273
-1.043808
2.676402
0.092933
-0.565312
-2.630530
-0.526709
1.294882
1.871565
0.440893
0.863651
3.914764
2.173319
0.710648
2.447966
-2.634856
0.571623
-0.708364
-1.224125
1.741332
0.642646
3.121290
0.206140
-0.848581
-1.799122
0.624988
0.797590
0.241213
1.031664
3.255483
0.841252
0.241988
-3.086011
-3.214905
3.423941
-0.063080
-0.586482
-1.757308
-2.996134
-0.430408
-2.732615
0.171864
-2.456562
-0.776958
-0.775234
-0.048012
-1.658320
-1.056932
-1.679427
0.833221
0.443782
3.678906
-0.714067
2.692083
-0.789236
1.584114
1.591227
-0.949502
-2.487146
-0.257703
0.987155
3.817300
2.425609
-0.057992
-1.473417
-1.507334
-0.372830
-1.437282
3.044259
-0.579064
0.132751
0.378034
-2.354683
0.833940
-0.686135
0.289726
-1.595947
2.927997
0.979893
0.065892
-0.064978
3.035059
-0.286347
-2.859758
-0.482044
-0.825738
2.134322
1.622751
-3.088998
0.611460
-0.556597
-1.880879
0.318701
0.735547
1.034368
-1.567015
-0.982145
-1.464732
0.237647
2.616917
-0.837270
-1.130886
2.326234
-0.394582
0.975588
2.225764
2.278078
-0.253642
2.972681
-2.142444
1.971952
-0.316498
0.798416
0.345353
-1.535215
1.098587
-2.255597
2.461254
0.710125
4.569886
0.450043
-0.471450
0.430906
2.310648
-1.198513
2.463662
-2.190992
-5.163225
0.140811
1.223627
-1.442614
2.368734
1.339918
-0.610976
1.073360
0.122879
-2.283809
1.644202
-0.403688
1.654019
1.285418
-0.879214
-2.255350
-1.393367
0.727512
-1.398303
-0.141230
2.126648
3.893856
0.065201
0.606639
0.919714
-2.274559
-2.287355
2.417064
0.472128
-0.317800
3.412995
-3.533861
2.767233
-1.593962
-2.534211
0.277712
-0.826270
1.671209
-3.423437
2.577172
-2.072209
0.836067
0.203584
0.085076
-0.674126
2.309821
0.781930
1.968415
2.302743
1.874793
1.705552
1.658075
1.395066
-0.935498
-1.657492
-1.647928
-1.984739
1.667331
-0.371379
0.955837
-1.686073
-0.539891
-0.279882
-3.378882
0.128027
0.374520
-0.086660
2.777211
1.694513
4.043347
-1.352753
-0.781643
0.196087
-2.040263
0.238016
-2.833714
3.462484
-0.296967
-1.246373
0.440684
-0.028739
-0.739336
-1.586380
-0.814576
-1.325936
1.358801
0.128658
-0.263749
0.866088
1.029443
-1.206860
-0.950724
0.585419
1.205260
-0.073917
0.742463
0.490619
1.350585
1.557693
2.216475
0.490624
3.196078
-2.345889
-0.248676
1.262624
-0.521794
-0.402892
0.626801
-0.209736
-1.396936
-0.563008
-1.461949
1.124549
-2.546251
-1.548330
-0.677540
1.915312
-1.216999
0.603242
0.582067
1.550426
0.624845
0.062274
1.167781
-1.556732
1.278801
1.143324
0.216138
0.291424
1.158677
-0.341825
0.791544
0.267295
1.399298
-3.220425
-0.398761
0.410249
3.648727
-0.042673
-2.171267
3.806115
-1.031387
-0.457379
1.427646
-0.105697
-1.573576
-0.847493
1.688971
-1.753003
0.696421
-0.953900
-1.962529
-1.746461
-0.982780
-1.523776
-0.558911
5.726877
-0.839288
-0.314331
-2.136126
-1.224045
2.793112
-0.861519
-0.395140
0.158366
0.451839
0.771073
1.340203
-3.751163
-3.379473
0.573312
1.649811
0.919474
-1.058389
1.963426
-2.032222
0.935156
-1.264811
-1.361723
-0.202751
-0.196240
-0.158422
-2.416837
-2.037865
-0.054962
-0.843807
0.509987
0.613536
-2.051249
1.048006
0.872414
1.695068
-1.840358
-0.531040
1.130283
0.448621
-1.219502
-1.681575
0.106213
-1.938012
1.830699
0.788461
-0.700201
-0.601516
1.973255
0.230313
-0.996327
0.484415
-2.582469
1.048899
4.322599
0.421838
1.233413
-4.707217
-0.879097
-0.224653
0.545277
-2.324711
-0.116959
0.906739
0.378313
2.678035
-1.651863
-0.299677
0.844930
0.319456
-0.144984
0.189571
2.919151
-1.281679
-2.508375
-0.796030
1.160724
-0.892880
2.964938
-1.913326
-1.422706
1.636741
1.466217
1.060701
-1.029711
1.565903
-1.673182
1.110246
0.512783
3.107992
-0.907937
1.142325
3.739469
-1.009182
1.002211
1.276181
-0.081190
2.274964
-0.651459
-1.419378
0.531057
0.241041
0.740483
-0.972952
-0.040385
-1.801607
1.466757
-1.412313
0.705853
-0.714615
0.319477
1.007635
-0.098889
3.852396
1.994499
1.354984
-1.672361
-0.478023
0.889589
0.107283
4.821947
-0.225371
0.739308
1.753394
1.556933
1.439606
-1.943995
1.875172
4.342666
-0.622076
-1.313868
3.944937
0.089918
0.398820
0.326237
0.385547
-2.315438
1.320782
-0.897064
-2.290992
0.309089
-0.355673
1.249159
-2.438830
0.276675
0.406936
-0.374895
-2.701833
-0.832239
2.162259
-0.792668
0.379580
0.434674
-2.764061
0.633922
-0.038068
0.182216
1.507565
-1.166195
-1.056410
1.426160
-4.564728
0.342550
2.470656
-1.708832
-3.584059
2.024444
1.891547
-2.861983
-0.170472
-1.501717
-2.367704
-1.447108
0.504588
0.153831
4.479576
1.529230
1.676884
1.492321
1.194198
-0.719317
-0.996794
3.161210
1.550955
5.008389
0.360641
-1.878534
2.033220
-0.047151
-0.238998
2.087139
-3.654498
0.191963
0.590495
-1.393449
-0.609407
-2.652407
-0.213596
-2.243298
-0.280923
0.161921
3.562221
-0.046281
0.610012
0.930391
-1.856202
-1.934896
2.227691
-1.483410
0.341138
-0.449477
0.182531
0.443774
-3.162592
-1.967487
-1.612286
-1.665164
3.156865
3.075851
0.441792
-0.647500
-0.182250
1.032094
0.885395
-2.906530
0.134115
-1.252305
-0.801271
1.551003
1.058209
0.973594
-1.585406
-1.351779
-0.098421
-0.063335
-0.252508
2.600426
-1.253509
-0.680964
2.089538
-1.996504
2.971608
-0.161532
-1.492363
1.183290
3.490793
1.274358
-2.086509
-0.129953
-2.130795
-2.077630
-0.474632
1.240515
0.572074
-1.586798
1.674563
-0.221307
1.061585
0.692613
-0.554632
1.384212
0.365972
-1.845536
-0.961610
-1.465800
-1.332844
-2.555627
2.609550
0.207263
0.089971
-2.578391
1.083391
1.688091
-2.271480
1.012314
0.738327
2.901886
-2.900248
-0.562962
1.893420
-1.532248
1.173753
0.149689
-0.216789
3.051542
2.906284
-1.977592
0.431997
-0.040032
2.151998
-1.222823
-1.539748
1.073706
-2.497361
3.822343
-0.850048
0.205907
0.745927
1.638946
0.117936
-0.742112
-0.111531
0.778393
-0.531127
-2.309044
-1.045665
-2.245973
-0.934305
0.073537
-3.152095
-0.946537
0.404101
-0.198221
0.085426
-2.773944
-0.155664
2.768246
-0.610149
0.332524
-1.413015
2.259391
0.742512
1.505812
1.720909
1.380109
0.389907
-2.790807
0.507984
1.186017
-0.362225
1.646421
-3.419490
-0.115049
-2.261364
2.239027
2.172609
0.693091
0.356236
2.138482
0.630135
2.162230
2.687063
-0.068850
-0.083534
-1.686322
1.282920
5.104161
-0.556012
4.060503
3.306414
2.392330
-2.740065
2.098856
-0.440226
0.164325
-0.117623
-1.050335
0.775120
2.998086
3.078093
0.875414
-1.557473
-0.047021
1.147078
-0.421940
0.883247
-1.189366
-0.380547
-0.255009
0.752013
0.190179
1.110597
0.003158
-0.749859
0.629269
0.908820
-0.085967
2.489175
-2.073295
1.674206
-2.915453
0.605008
-0.159128
0.268323
-1.422870
-4.402900
2.313708
2.007798
1.483662
-2.136660
-0.206377
0.130992
-0.823828
1.659825
1.020227
2.969117
1.932468
-2.120275
-2.415848
1.817624
-1.216057
1.977532
-0.275482
3.197060
-0.410615
0.164638
-0.133871
1.115115
-0.063951
-1.050736
-0.210853
1.548955
-3.163012
-1.672022
1.407431
-1.595763
2.449938
1.470478
-0.050648
0.440812
-0.495521
-1.900230
1.333620
-2.462036
-0.457186
1.208741
0.550048
-1.253059
-1.368465
-0.621106
0.923073
0.805164
1.323447
-0.167074
0.068082
-0.480770
1.666892
1.432195
-0.592245
2.519574
0.006660
1.231550
-0.005905
-1.123723
0.559252
-0.888462
1.090523
-1.944110
-1.332433
-2.745136
0.833105
1.309484
-1.060838
-1.560130
-1.996640
1.258070
2.641870
0.794856
-1.182578
-1.466958
-0.120972
-1.689839
-0.937041
0.827892
-1.711941
-0.300945
-0.038163
-3.435865
-0.462628
0.294109
0.572529
1.920739
3.371489
0.367831
-4.705157
-0.187238
-0.497550
0.246232
-0.335194
-0.091274
-1.543964
0.378182
2.567371
1.936604
-1.444302
-1.154122
-1.241400
-0.265182
0.251021
-1.952600
0.610284
0.126498
-0.909556
0.917513
-0.808339
-2.337226
0.265687
-0.004862
0.405121
0.123578
1.190118
-0.032282
1.180511
-2.012162
-0.713710
0.499964
0.506177
-0.433119
-2.199692
0.452891
-1.682454
2.162644
-0.929541
3.373387
1.232023
2.564882
2.512425
-2.064532
-1.374688
0.612707
2.992958
-1.178162
1.883952
-0.044543
-1.172601
-3.609108
2.773965
0.260620
1.798663
0.647158
-0.282073
0.124518
-1.273463
-0.466577
-0.638033
0.747160
-1.349523
-2.757298
2.830497
3.544941
1.216455
-1.039665
1.156583
-2.445820
3.580524
-0.181423
0.171115
0.501301
-2.595265
-2.695151
0.731139
0.713615
0.928437
2.797543
3.831420
2.978737
-2.802890
2.447531
1.139521
1.028734
1.591963
-0.659454
0.948210
1.351775
-1.834568
0.332578
-0.129551
-3.726874
-3.810104
-0.992355
-1.776377
0.559713
-1.215813
-1.321405
1.638855
-1.523431
0.172531
1.106905
0.371225
-2.358353
-4.695251
2.599900
-4.166199
-1.436204
0.292199
2.506240
1.351428
0.819939
-1.548749
-1.879821
1.576621
2.304174
0.848150
-0.062049
-1.255743
-0.902866
2.605894
-0.071868
2.225175
0.274717
1.724266
2.317639
-0.506137
0.040196
-3.300718
0.802544
-1.287261
2.050601
-0.274766
-1.240498
4.819570
1.620643
2.471613
0.157537
-2.135452
-1.870543
1.343660
-0.837199
-1.770252
3.327260
-1.472842
-0.776897
-0.777135
-0.085856
2.754552
0.933432
-0.716667
-1.754899
0.010005
-1.191421
-0.202788
-1.876214
2.584039
-0.382643
-1.749346
2.433413
3.255003
-2.033521
-1.935963
-3.326453
-1.882370
3.094414
-1.303592
-0.616525
2.990186
0.418688
-1.690161
0.344184
1.772531
-1.461018
-1.043197
-1.260200
-1.244944
-0.365837
-2.489406
2.031648
-0.279033
-0.591876
1.276858
0.851177
-2.911578
0.693681
-4.939568
0.375211
0.122304
3.341767
1.180201
-0.202858
-1.412305
2.135952
-1.934390
1.800978
-0.243656
-0.449414
0.257731
-1.846739
3.030302
2.675193
2.049515
-2.030514
1.060160
2.384950
2.773735
0.561965
-1.792455
1.809289
-0.118708
-3.412763
-0.699750
-2.185453
1.078994
-2.156282
-1.238117
0.638694
-1.846456
2.930615
-0.809297
-2.468503
-3.580245
-1.578165
-1.427010
0.449128
2.894794
1.024656
-0.026169
-3.126520
1.255785
0.721614
1.817868
-1.961314
-0.510048
1.020572
-0.983733
-0.140019
-1.152467
1.324103
0.822063
-2.227173
-0.052745
0.698250
0.990196
2.859038
1.351960
-1.322929
-0.609585
2.058896
0.492707
2.176393
1.679283
0.385981
3.455207
-3.520715
-2.170664
0.240711
-2.392603
1.546097
-1.227246
-2.109072
-3.527516
-2.707886
-0.001478
-0.008788
1.006644
0.971711
-0.563971
0.833860
0.090155
0.242801
-0.372138
-0.045617
-1.509296
0.014334
-0.492431
0.500108
1.495601
0.182653
-1.484469
1.333972
-1.828543
-1.848204
0.522364
1.453040
-1.023078
-2.332380
2.574851
-2.459685
1.475193
3.292275
2.942272
-1.052321
-0.325801
-1.859206
-2.697774
0.276061
-0.109435
-1.426007
1.655064
-0.051225
0.443637
-1.827302
0.950731
-0.803218
-0.357378
0.816870
1.127138
-0.367532
-1.167245
2.168653
-2.908168
-0.830923
-0.305340
2.253168
-2.112482
-1.048308
-1.127779
0.881048
-1.445023
-2.072234
-0.593491
-0.203383
-0.453924
-1.912867
1.965262
-1.962994
1.763441
2.058492
0.936060
0.590743
0.160917
-1.499056
3.635873
-2.147231
-0.196962
-0.159452
-0.910473
-0.408857
2.316304
-0.661711
-0.643314
-0.680128
2.642650
1.642041
-1.367247
-1.913625
1.352244
0.445579
-1.802996
1.466659
-3.218112
2.761730
0.920746
-0.559025
1.217572
2.057306
-0.964860
0.535426
1.250033
0.357800
0.475882
-2.057932
0.074966
2.361867
-0.323115
-2.124358
-2.680410
0.002856
2.088144
1.241922
3.555020
0.228466
-0.229433
0.866502
-1.451880
1.626618
-3.135277
-0.182437
-0.916623
0.734974
0.011492
-1.425728
-0.357745
-1.235975
-0.142442
3.003042
-0.563407
-1.517256
-1.323290
-1.282516
-0.116503
-2.650315
-2.214163
-4.245929
1.891133
-2.182558
-0.148080
-1.035972
2.129511
-1.729775
-3.655727
0.753134
-2.009785
0.142529
0.911989
-2.063716
-0.026878
-1.354470
-1.476602
1.145687
-0.204050
-2.597827
-0.995221
-2.711909
1.500252
-1.103870
-1.856982
0.976639
-2.389749
0.046054
-0.331165
-0.084712
0.269297
-0.359990
-0.366914
-0.955730
-0.401878
0.412791
-3.060792
1.336281
-3.430748
-1.310069
0.263462
0.690335
1.573852
-1.048556
3.497641
-2.301235
-0.269526
-0.940612
0.253947
-2.366118
-1.308980
0.093391
-0.729092
0.891810
-3.193574
-0.946877
0.713724
-1.921956
-0.778089
1.198358
2.862735
1.451925
-2.721077
0.593139
1.803246
0.708565
-0.134335
0.399502
-0.490326
0.900618
0.721745
-0.120092
-1.955648
0.499726
-1.148455
0.327265
-2.134902
-0.967074
-2.700315
-2.759652
0.960416
-2.339418
-0.753859
-1.545203
-1.004639
0.009117
-0.900145
0.678830
2.036899
-2.642106
-2.588636
0.132280
-0.560817
-1.856373
-2.300529
-3.142049
-3.117176
-0.796466
-1.766497
2.605361
2.305377
-2.182806
1.070095
-0.639209
0.449120
-1.602984
-1.530611
0.779537
0.475623
-1.801237
1.546237
1.347197
-0.252532
1.997004
1.537394
2.231718
-0.692043
0.212712
1.323706
1.183112
-1.517680
-1.135487
3.597296
-0.127517
-2.687706
-2.042676
2.263894
2.100582
-0.215459
-0.891310
0.495368
-0.396135
3.963629
2.768173
0.817665
1.003493
0.615529
2.155224
1.244908
-2.341207
-1.346291
-0.426809
-2.664001
-0.383690
-0.598606
-1.244844
-1.249134
-0.146542
-2.834607
0.484263
-0.755281
0.642166
-1.556855
0.784974
-0.198568
-0.064619
1.265497
1.439327
-1.488956
-1.317414
-1.937257
2.235693
-3.706542
-1.606446
-0.931222
-0.172792
-0.658143
-0.074106
-1.533105
0.734002
2.597176
-1.646504
-2.963509
2.214611
0.611602
-1.703846
-2.714332
-0.920198
0.458928
-0.122728
0.229234
-0.568045
0.430139
0.354059
1.649847
0.306919
1.481388
2.504794
1.925777
-1.633020
-0.116328
-0.324913
-1.926876
-0.962306
-0.969291
-2.762309
0.815580
-0.407793
-1.615716
0.088129
-0.098472
2.976651
0.927802
-0.797407
0.368729
1.414631
-0.121625
-3.182536
-0.858637
2.224116
0.085216
-2.936539
-0.449023
4.342262
-1.155562
-1.697999
0.892887
-0.240591
1.905015
3.125616
-1.734360
-0.132601
-4.019207
0.415722
1.227507
-1.564363
0.562118
-1.294810
-0.246159
-1.445810
-2.786283
-1.597523
-0.941376
-3.197674
-2.012852
-1.567558
2.000515
-0.052829
1.770112
0.267101
-2.121059
1.790564
-2.106796
-3.307701
-0.191121
0.427836
-1.704987
0.112478
0.818335
0.445585
-0.188240
-1.382809
-0.700465
-0.740079
-0.807185
-2.705169
1.357778
-3.396103
0.713298
-0.078771
-0.952041
-1.347581
0.146509
-0.837512
-1.385307
-0.405796
-0.836867
-2.257261
1.432320
2.379081
-0.612126
-2.462766
-1.049752
0.127751
1.892934
2.132308
-0.362216
-1.307945
-0.416233
0.552387
0.101890
3.770272
-1.886975
-1.600054
-1.945517
-0.159723
-1.291869
2.709232
3.024985
-0.383485
1.343612
0.616794
0.779521
1.797085
1.487240
-1.951448
-0.640328
-0.268114
-2.045723
-1.122034
-0.656792
-1.420247
2.547482
-2.078780
-0.694611
0.193917
-0.730439
-0.026053
1.073695
-1.224092
-0.757592
-2.408246
0.480584
-2.922437
-0.087557
2.539719
-1.761620
-1.261459
-2.068099
-1.765494
-0.345151
1.150924
-0.981884
-2.827146
-2.446941
0.334679
-0.595259
2.889132
0.779445
2.666104
0.501749
-0.955431
0.423792
-4.020865
-2.445643
-3.702290
1.314176
-1.090266
-1.881034
-0.745664
-1.168257
-0.421448
-1.108166
0.021987
0.554314
2.094843
-1.187451
-0.943489
-0.355492
-0.565875
-0.123151
1.633015
1.190536
0.903824
4.836058
0.665237
-2.443242
-2.737086
0.025731
2.844930
3.081997
0.371077
1.003722
-0.320366
1.813373
-0.127580
-0.324400
-1.130244
-3.143506
-0.327615
-3.308590
0.124245
2.036719
2.279256
-0.239823
0.714384
-1.418545
1.052130
-1.931895
2.192823
1.384307
1.503686
-0.354196
-3.059427
1.822638
0.005116
0.879341
-2.102660
-1.343251
0.121878
1.142472
-1.448166
-1.038607
-0.738475
-1.353177
-2.095478
-0.828645
-2.434752
-0.504733
-1.647576
1.756361
-2.274584
-1.998258
0.440774
-2.207231
-1.397058
-0.355084
0.976576
0.394499
0.485272
-0.933675
-2.295596
1.077666
-0.410448
0.639964
-2.162171
2.161012
0.706277
1.860361
-0.357137
-1.011613
-1.413518
-1.913584
-1.514580
-1.292496
-3.062425
-0.421586
-0.927584
-1.708913
-1.567476
-0.972078
-1.869312
0.265967
-0.694964
-0.995636
-4.265779
3.437243
-0.544171
1.838183
0.925363
3.133967
1.641894
0.080240
1.654505
-2.809448
-0.475237
-1.167337
-2.361876
-0.319676
-1.805392
-2.908475
0.478782
-2.632226
-2.196583
0.269725
-1.395979
1.086030
0.200077
0.845473
-1.427557
-3.820608
0.041379
-2.490018
-0.073727
1.038104
-0.700782
-3.134324
-1.083200
-0.455465
-3.015296
-1.162045
0.197014
0.663250
1.441001
1.106829
1.100722
-1.624792
-2.496477
-0.302601
-2.288287
-1.171701
2.651759
-1.090002
-1.582700
0.478482
2.327717
2.174176
2.462131
1.335978
-4.124030
2.343553
1.181357
0.278766
-3.710840
-0.333242
0.904603
-1.332236
1.016219
-1.903629
-0.778356
0.959700
-1.629870
1.291791
-2.681239
4.272282
-0.552165
2.292026
1.416787
1.337139
-0.487268
-1.045790
0.956658
-1.682894
0.407317
0.807770
-1.434853
0.537656
1.063037
-1.489480
0.120058
0.719980
-0.060818
1.399625
2.633095
-1.689317
-0.578687
-0.733997
-1.933541
0.422088
-1.926445
-1.409573
-0.532929
1.390123
-0.911682
-0.497025
-0.342930
-0.560764
-0.157747
-0.394982
0.787572
-0.344395
-0.942729
-0.860347
-2.024342
-0.384228
-1.062894
-0.600021
0.568263
-0.103732
0.048200
0.378619
-1.070977
-2.707795
-1.540204
0.407101
0.655689
0.756265
-0.958169
-1.122722
1.261006
-0.409778
-1.186598
0.848002
-0.644117
-0.017148
0.621809
-1.104057
0.258196
2.768354
3.214693
2.863032
-2.149427
0.173452
-1.246502
2.566669
2.497028
0.621019
1.041953
-3.636604
2.533710
2.085168
-0.318780
-2.109341
-0.005599
1.711135
0.521691
2.208816
1.053030
-2.736340
0.776510
0.162340
1.310358
0.985593
-0.258871
-0.548866
2.357255
0.447450
-2.588263
0.557874
-0.026169
0.852740
2.732340
-4.549280
2.736226
0.226314
1.642851
0.573530
0.108089
-0.603408
-1.845491
1.142045
1.638246
-1.625873
-1.403462
-0.791791
1.091122
-1.609655
4.066415
1.068594
-0.997486
2.614915
-0.119359
1.087854
-1.982345
1.034969
-0.120516
1.665975
-1.547785
-0.580923
-2.533536
1.885575
-0.365186
0.061041
-1.582130
0.397339
-1.737292
2.038107
0.592250
-1.324088
1.176228
0.569593
0.192210
-1.752491
0.687870
0.580383
0.358978
-2.344518
2.646310
-2.451385
-2.412288
1.449431
-3.466098
0.630494
-0.973893
3.179925
-2.136542
-0.223960
1.046241
-2.863173
-0.014925
2.003310
0.100797
-0.142369
0.220848
-0.297317
0.129067
3.228074
-0.930292
-1.286629
0.008225
-0.294104
-0.485055
-1.014864
1.330194
0.820326
-2.485982
5.006221
0.581481
1.016665
2.519755
-0.802732
-0.474897
-0.169808
-1.622333
-0.873058
-3.091964
-0.595640
0.002052
1.650968
-0.291659
-0.261767
-1.620755
-3.016870
-2.561832
-0.562185
-1.360302
0.514633
0.162083
2.839985
-0.901477
-1.052232
-1.529865
1.220351
0.773360
0.974359
1.784473
-0.261115
-1.681126
-1.674043
1.424587
0.822074
-0.203398
4.335799
-0.842735
-2.221858
-0.013002
0.508529
-2.159555
2.772174
-3.428615
3.920230
0.630373
0.575341
-2.174903
-1.368298
-1.617359
-3.083276
-0.891309
0.894777
-1.291380
-0.548137
-3.932564
0.547896
-2.202123
1.159599
0.704441
-0.406439
1.534059
-1.890868
-0.286562
-1.664664
0.376611
0.687419
1.578678
1.623955
1.489723
-0.991642
-0.533481
-1.185118
2.526096
0.443991
-0.933857
-2.190724
-0.758080
0.736486
-1.341691
-0.264498
1.149365
-1.272909
-0.517774
3.316017
1.565920
-2.365779
-1.358354
-2.246820
1.851438
0.972205
2.350635
-2.086702
1.839370
-0.259777
1.858131
0.430501
-0.121783
0.400637
-0.245662
0.754866
-0.083274
1.465747
0.224492
0.660003
1.030199
-1.078114
-1.717560
-2.848167
1.607811
-0.045987
1.040588
2.146614
0.161252
1.250547
1.221918
-2.595576
-1.616152
-1.393973
-1.562003
-0.659333
0.516719
1.630623
0.314932
-0.536104
-2.548414
-1.372498
-4.921589
0.313339
-1.116880
0.868013
-2.854071
0.442281
-1.113569
1.698053
1.950175
-0.838526
-0.924994
4.950916
-2.695398
-1.394086
1.339090
3.222337
-1.224909
-2.403303
-1.999939
-2.818927
-1.446714
-2.761261
-1.244808
-2.284041
2.002944
-2.420118
-3.023082
-0.098431
0.484129
-1.333752
-1.048547
0.211020
1.507615
2.034774
0.278067
0.509273
0.238358
-1.975408
1.618767
-1.395927
-1.986674
-0.781562
1.163790
-0.467329
-0.322888
-1.693262
-1.336692
0.720794
0.748289
0.045642
-0.827795
-0.270383
0.272587
-1.170331
-1.645743
4.413143
0.730867
0.170823
-4.066290
-0.610540
-0.284828
2.268870
1.461731
-1.225991
-0.041005
0.166985
-2.050165
-2.729968
-0.852784
-1.400511
0.676842
-0.673822
1.460842
1.917977
1.905585
1.207203
-1.766226
0.367032
-2.362315
0.466166
1.828966
-2.198898
1.536571
-2.731531
1.656641
2.746167
-3.339074
0.829810
-3.347320
1.238613
1.875888
4.900591
-0.692185
-0.744603
-0.722050
0.292935
-0.052390
-0.749765
-2.125988
-0.929958
3.678910
0.781993
-0.544133
1.241483
-0.666045
1.010758
-1.477902
-1.211705
-0.168691
0.091237
-1.343727
-0.850953
0.097620
-0.231696
0.655643
-1.686015
-0.279620
-0.885158
-1.267579
-0.462463
-1.079672
-0.971429
-1.410165
-4.862109
1.389018
0.790451
-0.684755
-1.999528
2.218760
0.850494
0.576066
-1.041724
2.141032
0.649702
-0.002918
-1.490240
-2.053061
1.366368
-1.061301
1.588342
1.591552
0.554572
1.134331
-3.291450
-0.310913
-2.440695
-0.126805
1.508550
1.244749
1.197711
1.910388
1.444512
-0.041176
-2.166707
-2.363459
-1.581607
-1.255625
0.394628
-0.653363
2.377020
-2.016539
0.890795
-1.219548
3.097942
1.835355
3.112430
-1.914263
-1.234709
1.023076
-0.123004
0.331178
-2.361828
-1.724779
0.413272
1.319609
1.895243
-0.662516
-0.178290
2.953330
-0.998467
-3.500973
-0.765017
-1.045896
0.177808
-1.381271
0.610713
-0.748802
0.140092
0.040522
0.579328
-0.393301
-1.162558
-0.981234
0.180982
1.106873
0.286482
-0.837078
-0.387644
-1.155796
1.111862
1.288450
2.418811
2.236958
-4.494583
-4.643058
-2.469623
0.559808
1.046876
-3.236903
2.215756
-2.559574
-2.116784
0.401085
-0.623476
-2.833133
-1.126327
1.204850
-1.095735
1.168342
2.207522
1.074522
1.068280
1.486711
-2.468772
-0.931219
1.244834
-3.182117
0.904564
2.395896
1.539686
-2.248912
-0.286488
-0.270957
1.739357
3.460232
-0.225661
0.494890
-1.027253
-0.240755
2.211139
-0.607862
-3.379217
-2.149044
2.030872
3.307823
-0.700112
-3.207211
-1.455999
-0.926800
-0.037646
-1.244510
-0.031192
0.995494
0.731628
1.078653
0.147122
-0.413725
-1.849496
2.441248
-1.978258
0.064673
-0.385595
2.407413
1.511125
0.971849
-1.897432
-0.334821
-1.791135
1.047918
-2.345276
-1.609040
2.117683
-1.187435
-2.917919
1.077249
1.708264
-0.093199
-1.922986
-1.172041
0.028402
0.866823
-3.019380
1.649713
1.353324
1.858659
-0.815015
3.748903
-2.770505
1.791284
-2.632652
-2.331317
-1.382810
-0.640171
0.449164
-3.081449
0.286485
1.537104
-0.494601
0.495116
1.018622
1.193753
-0.633287
-3.742386
1.449650
-2.269964
-0.570942
1.985531
-0.597399
0.922979
-1.423907
-2.857190
-0.915002
2.088074
-1.666779
-1.251170
0.349037
-0.556870
1.129011
1.307343
-1.965839
2.395992
-0.295241
0.097838
0.581675
-0.855627
0.579763
-1.081502
-1.405924
5.451367
2.831969
0.634231
0.661667
-1.618596
-4.195245
-3.712313
-1.422911
3.576304
1.965918
0.434116
2.538299
-2.254689
-1.250980
4.342210
2.212051
-0.401335
-0.977899
-0.222798
-2.010066
1.578829
3.680662
-0.289667
-3.949108
0.247890
-1.368216
-1.442976
-1.983436
0.116607
-0.639712
-0.381184
-0.783009
-0.511875
-3.363017
2.772577
-0.505338
-0.631320
-2.067351
0.763502
-1.111865
-1.430151
-1.477091
2.943078
-0.139125
0.630076
-0.386570
0.870750
0.614973
2.648385
0.750002
-0.485361
-0.909534
-0.326532
-1.008615
-1.876587
1.150411
0.675667
2.898318
-3.357489
-2.394201
-0.471711
2.066290
-1.867909
1.599937
-2.409387
-0.334137
-0.417176
2.891599
0.328455
-0.508779
-2.090480
-2.474490
-1.999370
1.201484
-2.051999
-0.548672
0.654055
0.428497
-0.963402
2.338749
2.263480
-0.199985
-0.252070
-1.107521
-1.678900
2.866628
-2.317894
-0.674659
3.814726
-0.253703
0.185641
-2.716774
1.083425
-0.545213
-0.028550
-2.274131
-0.595889
2.660223
-0.342855
0.496984
0.864945
0.297056
-0.418808
-0.735612
1.996237
-1.267353
2.112803
-0.814826
0.295272
1.534055
-0.071331
2.333059
0.711688
-2.544046
-1.406954
0.228519
-1.101275
0.390501
-2.182127
2.661203
-2.785029
-1.061969
-2.413376
1.770204
-1.225280
-0.697937
-1.986293
0.294699
-0.982913
-0.537182
1.193697
-2.582981
-1.914537
2.142784
-0.379305
-0.790080
1.692236
2.261783
-1.259380
1.105850
0.005514
1.001323
0.041452
-2.211606
-0.600969
-0.083849
-1.580730
-1.026906
-0.537600
-2.259316
-0.530264
1.149018
0.249769
-0.157154
1.052482
0.173569
-0.256234
-1.848453
0.489219
1.754824
-1.071471
1.911709
-0.791604
-1.322494
-2.281369
-0.267981
2.047182
-2.124730
1.052653
-0.890576
-1.817266
-2.876962
1.024126
-1.917359
-4.653934
2.955285
-1.813144
-1.646152
3.223329
-1.329275
2.747834
-1.574868
-1.116928
2.347165
-1.285692
-2.779058
0.700712
0.116281
-1.407289
-0.015631
2.533839
-4.526703
-1.123956
-1.158942
2.369742
0.837659
-1.669018
-0.412169
2.230614
-0.616578
0.498882
-2.446410
0.451566
-0.023797
-0.985378
3.253656
1.219643
-0.186284
0.266039
-0.937142
-2.096480
-0.377135
-1.441478
-2.005969
-1.103405
-1.162565
3.203190
-0.310344
1.379421
-0.074576
-0.225481
-0.553160
-0.771187
-0.584812
-1.636439
-1.366316
-2.141180
-0.963254
-1.565051
-0.402680
0.131234
-2.228054
-0.295253
0.775767
-2.355156
-2.036022
-3.305242
1.135868
0.364659
-0.298030
0.090764
-2.553723
-1.963294
1.931419
0.363785
-0.737812
-0.241773
-0.376491
-3.331423
0.298986
2.809154
1.217777
1.263560
-1.502519
-2.201908
0.741322
0.099443
-1.497630
-2.052139
0.623232
-1.701224
-3.947966
-1.199550
-0.630999
-1.419917
-0.742455
-5.474381
-1.873806
-1.237986
1.642946
-1.189656
-0.194456
0.965524
-1.181756
1.574347
-2.573947
-0.061004
-4.849557
2.194640
-0.401620
-3.277720
1.890830
-1.027970
-2.373942
-2.379978
-2.681966
0.827275
-0.196044
3.676505
0.911208
-3.272601
-1.931476
0.356938
-0.267167
-0.273069
2.025289
-1.636191
-0.224350
-1.411608
-1.124084
-0.392310
-0.619261
-0.202662
-1.689301
-1.940571
-0.394045
-0.694287
3.319295
-0.754779
-0.398894
-3.397044
-3.113520
0.148790
-1.978159
-1.357538
-0.098776
0.773883
1.812744
-4.604950
0.565245
1.365448
2.132257
-3.767573
-3.596499
2.146188
-1.404351
-0.406145
0.811581
-0.390796
0.204401
-3.821857
0.495942
1.834154
-2.898614
-1.752061
2.506515
-0.445035
-2.269869
1.169757
-1.716418
-2.066678
0.886170
1.721932
-1.830584
-2.276314
0.706058
0.532572
-0.246616
-2.397814
3.224661
5.314349
-0.113146
1.730514
4.134294
-1.818996
-0.746047
-1.801755
2.040643
1.029246
-0.605084
2.831525
-1.519799
-1.169257
-0.591199
-2.294570
0.901377
1.700152
1.404172
-1.795998
2.532029
0.422484
-0.635099
-0.152152
-0.854576
0.242550
-1.004780
2.287242
1.024127
0.984136
0.748366
-0.657804
1.128287
1.979596
-0.604176
1.855595
-2.461482
-0.912728
2.720707
2.402148
-0.185596
-1.151867
-0.218871
-1.141777
-0.446738
-1.461187
-0.634497
-3.558387
0.789964
0.753132
-3.093453
-2.590694
0.574075
1.985513
-0.507765
-0.384611
1.441935
-0.014318
2.346908
2.692300
0.664661
-0.107327
1.652081
-0.155486
-0.831257
-2.690509
-1.190483
1.364547
-1.788973
1.560217
-2.968825
-1.500949
-0.212217
0.375249
-0.305695
1.590104
0.719646
2.096141
0.888526
-0.340177
1.319315
1.280258
0.571850
0.847434
-0.201547
-1.247777
-1.661783
1.187414
-0.362233
0.202986
-1.756906
2.176703
-1.085284
-2.668928
-0.796429
-0.877817
0.192790
0.343571
-2.780493
-0.175754
-0.602387
-2.530458
1.347227
-0.488740
-1.542841
2.828619
-0.722883
3.294765
2.399795
0.259461
-1.252659
1.150288
0.848137
0.097216
0.838581
-0.687118
2.801589
-3.171428
-0.574469
2.439125
-2.634488
-0.726469
1.605633
-0.341331
-1.487112
-0.531244
-1.250006
0.228799
-0.251427
-0.230602
-1.696321
-0.987048
1.834483
0.159648
-0.496088
-3.015609
-2.564682
1.227742
-0.383764
1.679530
1.239060
0.654414
-0.776934
-0.022195
-1.918465
-2.160336
0.166932
-1.279768
0.544780
0.524321
0.750582
0.956831
-0.682209
-0.871044
-1.740255
-3.042716
-3.110926
1.579649
-2.570120
1.326870
1.080273
1.960193
-0.220389
2.547893
0.670051
1.181416
-2.917700
0.424409
-2.302294
1.518165
0.385977
1.853893
3.634777
1.400601
-1.734981
-1.772695
-2.333285
-1.033479
1.710455
-0.051945
-1.471009
0.927344
-2.293679
-0.994138
0.025632
-0.965704
-1.400614
-0.782131
-0.548477
0.100694
-0.966239
-3.141816
-0.531818
0.725306
-1.424156
0.163602
2.712763
-2.052754
0.363079
-2.295227
-0.451026
0.988925
0.158782
-1.824504
1.936822
1.676777
1.323944
-2.078614
1.474953
-0.415088
-1.432277
-1.397537
0.081600
0.628356
-2.296627
-1.637763
-0.932272
-2.148929
1.413042
1.289765
-1.694009
3.207059
1.390210
-0.709342
-2.523664
-0.734667
0.738034
1.668661
0.447672
1.175304
-1.638070
1.278427
0.151851
0.162147
-0.654199
-0.031987
0.062371
-1.744268
0.794738
1.464845
-1.589894
-0.113954
1.348735
-0.888335
2.086394
-1.226355
-1.296981
-0.239910
0.757571
0.197197
-0.399168
0.189812
0.684301
-1.479795
1.078376
-0.991713
-0.961356
-2.775411
0.362213
-1.759547
0.592926
1.135319
0.773958
0.291217
-2.954988
-0.775916
-0.836966
0.035827
3.968224
-0.267799
0.373244
-1.425855
-2.829659
-1.687913
-0.963659
1.120950
0.575521
-0.467496
-2.231468
-2.520319
-0.324591
-1.650564
-0.156966
3.055390
-0.534639
-0.222352
-0.162910
2.189173
-4.086565
-1.601573
-0.017336
-0.653825
0.375532
1.217600
-1.001369
0.652105
-2.347793
1.436216
1.297222
-0.785472
-0.831035
-1.571024
-1.463107
-0.179218
0.972719
0.146487
0.925933
-0.606062
-0.013119
-0.775775
-1.931132
0.135204
2.637534
-1.145926
0.459329
0.082677
1.048796
-0.378108
-2.069493
2.120711
-1.567499
2.941484
0.141350
1.059057
0.115166
1.346314
-1.150965
2.239312
0.810708
0.068797
0.291297
2.322869
0.817300
-0.241687
0.461496
1.814488
0.650103
-1.563826
1.070336
-1.534690
0.455392
-1.510940
-1.754520
2.164778
0.642073
1.711552
0.513485
-0.212007
0.179265
1.241909
-2.112808
0.255704
-3.245127
-0.681476
0.327938
0.307367
0.438951
2.777128
0.985051
0.655903
-2.738907
-0.459115
1.216879
-0.858324
3.516999
1.632708
-1.260365
-1.986029
-0.672113
2.236718
0.189656
-1.023400
-1.428712
0.539742
0.298865
0.845110
-2.033939
-0.065854
0.684337
-1.864447
-0.073944
0.054501
1.703166
-1.696930
-0.645031
1.132983
-1.655570
1.808399
1.145434
1.436993
-0.982970
0.548338
1.657259
1.765629
0.157278
-1.513613
-2.020922
-0.416362
-1.331230
-0.458635
0.237340
-3.067596
1.593940
0.472828
0.220933
0.251703
-2.233156
-0.086197
2.498703
-1.096967
2.373950
2.444880
-0.798193
-1.973085
-0.553288
-1.638186
-2.645277
0.373360
-0.595988
-1.616930
-0.573270
3.704543
-1.687594
-1.573214
-0.315992
-0.354545
-3.101782
-0.311414
-0.084060
3.184729
-1.251562
-0.342540
0.605188
0.521487
-1.000366
0.333320
1.594997
-1.168524
-0.601794
-0.966944
-2.635666
0.068326
0.485176
1.450619
-0.918938
0.946755
0.566454
1.291135
1.825706
-3.429787
-3.350942
-2.002817
-1.413568
-0.802624
-2.791410
-2.641836
-0.660067
-0.722001
-3.440110
-0.333192
1.112476
0.428515
-0.795868
-3.313554
0.658386
-3.900309
-0.589965
-1.015372
0.419824
-1.111429
1.766188
-2.245505
-0.840353
0.700079
0.491518
0.411716
-0.935895
-0.365880
0.118456
-1.592135
-0.069950
0.173198
-0.716358
-2.047689
0.504239
-1.116793
0.777280
0.952974
0.478633
-4.843159
-1.752247
-1.324104
-0.050285
0.383077
2.788584
-2.291250
1.339921
-1.962323
1.275798
-2.081514
0.582155
-2.247743
0.613454
-1.793786
2.500186
-0.803951
0.697988
1.097138
-0.598021
-2.215340
1.016237
-3.100268
-0.971795
-3.154617
0.024621
1.430699
-0.747246
2.173011
0.429298
1.916100
-2.549276
-1.306677
2.374075
-1.663489
0.339628
-1.829254
0.260231
0.551900
0.639887
1.188636
-1.144506
-0.839495
0.286392
-1.320910
0.316097
-0.645514
0.253055
-2.072487
0.519262
-1.354591
-1.270144
3.925326
-2.248853
1.118738
-0.795859
0.158471
0.829875
0.223214
0.085015
-0.250370
1.373710
1.497955
-0.531668
0.424128
0.291890
1.722113
1.964729
-4.184303
-0.304978
3.359498
0.396893
2.776567
3.041501
-3.326488
-2.929031
0.781664
-0.247569
1.182388
1.009515
-0.032102
1.280961
2.265516
-1.731815
-1.562399
1.010595
-1.934161
1.236064
-0.896599
-1.051219
-0.761673
1.968881
-3.342710
2.132408
1.511828
-2.055056
0.972968
1.013200
0.764526
-2.587929
1.278075
1.575537
1.835503
-1.460641
3.301409
3.861775
0.442015
-1.003419
0.337921
-0.383851
-1.092824
-0.551109
0.970926
-3.290518
-2.859959
-1.141631
-0.707115
-3.519902
-0.199230
0.398387
0.032892
-1.509853
0.181687
-0.011260
0.581601
-0.599011
-0.902036
-2.687078
0.218176
-1.760237
1.789642
-5.214218
1.743101
1.694241
-0.852299
-0.883524
0.097839
-0.399729
1.343716
0.360022
-0.526150
0.193846
0.640077
3.355467
-2.796200
-1.158512
2.998915
-0.122329
2.099944
0.815213
-2.935490
-1.869465
0.447620
-2.548014
-2.080194
-3.339134
-0.679067
0.532734
2.198840
3.237916
1.224383
-2.853274
-0.296086
-0.884617
1.548848
0.649135
2.747777
-0.083050
2.469886
2.393732
0.162175
-1.840364
1.459061
-1.592317
-0.161255
-0.977841
1.164061
1.998748
5.227816
0.841035
-0.999651
-0.068719
-3.685029
-0.034609
-1.160951
0.154764
2.126638
1.772725
2.168851
2.008230
-0.283526
-0.304332
-3.143412
2.907688
-2.173501
-0.358618
0.758501
-0.123989
0.583353
-1.167123
1.316731
-1.372345
-1.279541
-2.415370
1.542596
0.848680
1.010212
1.460198
0.211591
-1.144195
0.580055
-2.255498
-1.787338
3.688835
-0.726497
-0.329363
1.722820
0.758669
0.011741
-1.009968
2.275898
1.169186
0.572261
0.773511
-0.645763
-1.493451
2.983899
1.638684
2.876301
-1.824285
0.139590
0.501164
-2.047494
-0.869379
1.682776
0.479768
-0.986439
-1.206079
-1.716656
-1.069852
-0.221850
0.430444
-0.493587
4.327362
0.706918
3.572439
-2.046537
-0.127635
1.590814
-1.298224
0.683192
-1.647988
0.032223
2.925737
-0.458480
0.672928
1.308619
1.984968
1.791354
0.909228
-3.000001
0.591778
0.195467
-0.284938
-3.314267
-1.419684
-2.213091
2.509045
-0.453082
-2.240360
2.264305
-0.502820
-1.267641
-0.115094
-1.479927
1.075472
-5.110614
-0.969779
-2.609341
1.038601
-0.155753
1.830746
-0.564418
1.072947
-1.604070
1.008652
0.679429
0.426173
0.761133
1.152636
-2.695570
2.153039
0.990755
-3.397354
1.584870
-1.021826
-2.847125
-2.214387
0.319478
-1.522248
0.447746
0.518175
-1.536936
-0.582137
-1.931208
-0.293200
-1.811119
1.859553
2.409229
2.601655
-1.411570
0.539734
-0.357252
1.672676
1.139902
-0.811790
2.140115
2.806103
0.181636
-1.448493
3.191627
1.211125
-0.348564
-0.962834
0.332526
-3.354742
0.039760
1.214023
-0.708267
0.774989
1.715241
-1.636186
-2.750762
2.347790
-0.038811
-1.732291
-0.095634
1.213098
-0.676633
-0.911986
-2.997620
1.427215
1.490456
0.077758
1.154001
1.855330
-1.679877
-1.899182
-0.879472
-1.365961
1.777703
-0.442219
0.009618
2.324291
1.116974
-2.659890
1.369460
3.573099
-1.839453
2.353658
-1.322208
-1.063349
1.173537
-0.695102
0.934971
1.758417
-0.201645
-0.921888
4.030559
-0.874596
-3.253978
-1.320745
0.374297
-0.454157
-0.608388
1.250006
1.295675
-0.216324
1.598347
-3.071344
-2.272831
-2.813215
-1.406469
-1.468397
-0.662753
0.132086
-2.033841
-1.058532
-0.329587
-3.075807
0.345329
1.340251
0.474493
0.000016
1.832622
1.555428
-1.303192
1.684156
-1.534606
-1.393289
-0.708005
3.652504
-0.554720
-1.929399
-1.249900
-0.359906
-2.782914
1.279059
-4.560284
1.625848
0.512874
-1.036499
0.135021
0.342665
0.249399
0.068871
0.250744
-0.428836
-0.950188
3.371197
-1.357097
-0.398702
-0.722211
1.492802
-1.692492
3.035172
-0.608247
1.184545
2.653699
-1.569364
-0.095791
-1.856631
0.714481
-0.467291
0.319623
1.309825
0.817498
-0.863822
2.037456
-3.288779
1.389430
0.643236
0.134161
2.410572
-2.038911
0.531677
2.801356
-2.059647
4.703238
0.626694
5.548692
0.961774
-1.010673
-0.452283
-0.222417
-1.488946
-0.442554
-1.372405
-0.915286
-1.177189
-0.916390
-1.178878
-1.694254
2.899513
-3.511950
1.025020
1.137779
2.562655
-2.352508
-2.150032
-2.368273
2.581032
0.956329
-2.304026
-1.657373
-0.547894
1.794115
-2.053300
2.035267
0.192405
1.539993
0.448494
-1.868760
-2.720398
2.630937
-1.888116
-2.118795
2.216373
0.781436
0.567181
0.396768
-2.476012
-1.358130
-1.959116
-2.164086
-1.956225
-0.351312
0.519896
1.719133
0.282829
-1.198682
-2.054981
0.445045
-4.292823
-1.514069
1.027781
2.638883
-1.770956
1.970972
0.786486
-0.514380
0.378902
0.683341
-0.830690
-1.557754
-1.318453
0.726816
0.979363
1.388422
0.610967
-4.674791
0.288534
-1.494800
0.436593
-0.704867
-0.712669
-2.116372
1.025706
-2.289849
-2.024431
2.418108
3.019813
-1.429692
0.628673
1.088236
0.495359
0.270452
0.656923
0.011674
1.602566
-0.244606
-0.197960
2.500511
0.327524
2.063273
-0.363783
-1.788544
-0.479049
1.489219
1.641461
-2.192895
-0.677884
0.005257
2.012453
0.329229
-1.069132
1.112886
-0.774042
-0.228507
2.056541
0.934346
0.878063
0.995300
-2.568009
0.689549
0.238165
-1.934213
3.306522
-1.695616
1.449473
-1.883738
-1.683483
-2.372470
-0.018482
0.622884
-0.486137
1.745969
0.082551
-1.914568
1.754636
1.541874
-2.453754
-1.783237
-0.501701
-1.039895
1.960448
-2.515706
2.761608
-0.607832
-1.362425
-0.537046
-0.331915
0.428110
-1.206584
0.165623
-0.083459
1.825196
0.241617
1.355915
0.300625
1.100548
-0.537273
2.049243
0.464401
-0.503427
0.983531
-1.771359
-1.766324
-0.976859
2.593210
-2.457143
-0.631645
-1.008864
-1.569927
-1.201060
0.310541
-1.101826
-0.393150
-5.498432
0.775205
0.184545
-1.286455
0.380589
-1.239791
3.233154
2.664852
-1.769025
-0.622943
-0.133673
-1.628742
-1.916720
-0.108173
-3.714453
-2.313453
2.566407
-0.700373
-0.682071
4.689475
0.024895
1.641249
0.450185
0.637368
1.704944
-3.148543
2.638976
0.310983
-1.159579
1.668554
1.635889
1.132580
0.663974
2.409931
0.283455
-1.768538
1.566671
1.029956
-0.083306
0.355718
-0.411384
-0.573207
1.078727
-1.018759
1.053086
-0.887329
1.717849
4.719290
0.379904
1.509591
2.248203
1.467702
-1.046957
-1.382946
1.280273
-0.888265
-2.411318
-3.938896
0.286232
2.873587
-1.323464
-2.787339
-0.775130
-2.922879
-0.663095
-1.025640
-2.798548
0.286707
2.057090
1.159796
0.427926
-0.235203
0.445321
1.553189
-3.401663
0.688585
0.945284
-2.244490
-2.536391
1.169791
-0.386271
-1.127925
0.228297
-0.599931
-0.915764
0.401744
0.353564
2.328652
-3.677484
0.874562
1.106005
1.461198
-0.953284
1.903072
-0.677625
-1.414623
1.041302
