0.430197
-10.069350
-18.705548
10.922603
4.793796
-4.457462
17.468119
-1.917146
24.628876
-0.139723
-5.129877
2.068542
17.854611
-11.641633
-0.383865
-3.005930
-2.148568
3.214566
5.794078
6.511555
0.823863
8.777509
-1.315854
-4.232679
-0.971346
2.504141
4.174104
-8.341265
-42.875373
1.945834
-3.814112
17.121776
-0.884393
-0.987377
-16.975950
-1.802872
0.318587
-0.504695
9.443754
18.278333
-5.848434
13.046577
-6.136757
7.509731
-11.525488
4.022453
-8.020631
10.769810
-15.332260
-9.408156
-15.256624
-1.598373
-4.462608
-10.152621
-0.101427
3.890000
8.133255
0.873834
-9.834233
-7.221036
-3.540121
-9.582748
14.483253
-2.846192
-1.917813
6.186597
-3.110493
11.729207
19.584102
-4.617060
8.482252
-3.561063
9.952576
-7.165892
3.063821
6.545208
-1.238399
7.822379
12.235747
-2.584468
4.770300
-11.850013
-11.032910
2.645316
-8.345031
-16.112783
-5.542076
2.536482
11.829461
11.628924
9.606766
-10.189662
0.476884
18.758179
7.404516
0.802644
23.101693
-3.247587
9.312084
0.859407
-7.791588
-20.940974
5.423812
3.377856
7.474608
1.844194
4.066177
-6.873427
1.037762
-23.609179
12.067897
1.437554
-10.442563
4.996991
-3.727001
-0.742209
-3.678229
-9.638870
-10.349590
-12.742318
-8.723822
5.636007
2.671293
9.860753
8.693699
4.488430
-0.654312
19.306372
-9.487175
-0.384677
9.921012
1.860289
5.193413
-3.701620
-14.952743
-7.290262
5.486992
-9.478965
10.775675
3.593574
12.806339
13.137018
3.405418
4.729477
5.248783
-7.358461
4.072442
-0.078909
14.342715
0.150298
-3.584395
8.251174
8.704982
17.067234
4.782222
-0.619992
-2.984611
2.480752
13.363414
10.245083
1.642913
9.228908
-20.732598
8.463193
7.980601
-0.313280
2.893502
-20.601215
6.119459
-12.078761
-8.929916
-4.349556
6.366674
8.355963
-17.387514
8.523079
-0.513093
7.485590
11.691687
-12.734641
-13.609149
-12.161582
7.319998
-0.256635
-7.142654
-0.437214
-1.060979
2.869454
-7.914968
-8.163823
6.725788
-7.603486
-14.099699
-14.932179
-3.054298
-3.900991
-5.129894
-2.735783
2.088438
-0.944711
-13.627627
9.066103
17.208366
14.423379
-0.137528
-1.071204
-1.161073
2.596998
1.072756
-15.648630
7.296122
5.914760
-15.754082
6.647904
7.784166
14.871391
2.051640
7.698090
18.545565
-4.169755
17.455565
-1.723410
-16.218757
7.298013
8.397345
-4.876028
3.703376
3.725357
1.907396
9.474364
-11.497006
-10.474421
5.282607
18.569281
2.741131
14.216500
7.104669
9.178999
4.617738
0.896245
-0.033655
2.237771
10.762272
5.259583
13.882459
12.593479
-3.308819
3.734318
-10.183144
-3.916861
5.111353
-6.239153
-2.712917
5.455419
-5.625904
-9.710288
20.440814
7.733605
4.728560
12.998430
-19.546725
-14.525718
13.867217
14.187645
-8.872419
8.605413
-3.551479
-8.309457
-8.901611
6.933655
10.621139
-13.224152
4.196345
-16.177690
-2.263176
10.932504
10.225149
-9.542115
-12.413997
7.818808
16.183368
-3.891229
5.968165
-8.376106
1.833145
9.505484
7.882910
10.260494
4.376064
-7.818221
5.453210
13.007283
-6.801950
-4.881227
24.837322
7.191900
8.184295
19.645349
-14.757170
-17.453451
0.388595
-12.561780
-3.448796
-3.205428
-5.226651
-18.627913
15.944705
3.793452
-10.724311
6.900929
-8.156020
1.548765
10.945182
8.722896
6.797839
-4.388387
-17.538138
-5.353208
0.033898
4.165122
10.133564
-14.871414
24.675502
-9.533892
3.362428
33.106834
-15.723271
-0.098057
-7.384236
-4.553911
16.814850
22.598761
-0.140717
-7.046590
9.545070
2.439787
16.451831
0.991962
8.762627
13.430595
13.795589
3.040426
-11.340835
15.109710
3.958582
-2.439017
18.063140
2.345209
-16.464836
7.846853
10.359824
2.613354
-3.212927
10.712083
1.773690
11.692936
-9.315889
1.620416
-17.687816
3.116086
3.870594
-4.024198
-5.031591
-13.917684
26.868712
3.594084
-5.998679
-6.435922
-14.492550
-7.420041
15.245368
-7.283915
6.977664
-11.825783
8.679335
-0.582756
-3.763862
-5.167661
7.155798
6.220451
-19.019031
-13.790534
-19.229461
26.319879
1.793627
14.097855
1.035129
2.526862
-19.875413
0.760757
-9.501916
-0.800639
10.604908
-17.118138
-16.606340
-12.264719
2.548750
-12.134574
-9.517755
1.826275
3.224150
1.968829
7.631993
-11.884902
4.128311
-15.971792
1.664692
-8.070310
8.136477
18.332261
11.796129
15.962883
4.774143
-1.975820
14.260385
-6.046651
2.206290
-4.698152
15.473619
-7.064132
-9.912458
-7.900539
7.909349
2.965658
1.049977
-1.170590
12.783212
10.983266
-11.745947
14.417596
14.135034
-9.000038
-4.893863
9.282231
-5.829013
8.663004
6.753017
-15.036668
-1.122334
7.010752
7.115864
-11.627375
-18.281231
4.411306
1.265094
3.621555
6.190589
5.708866
-15.344321
4.486436
-8.120395
-3.553896
7.419579
-2.512271
9.485354
-10.778067
-0.750894
-4.218701
3.559064
-0.484790
2.056523
2.588616
-4.926504
-8.048179
-10.404038
-1.069418
9.504191
-1.881183
8.948941
11.417862
-16.632875
1.982087
-12.695122
9.228501
0.337581
8.340175
-1.043676
16.415082
-15.020510
-3.899472
16.244854
-20.395847
-2.161884
-9.507529
-7.090665
3.136488
-28.474990
9.321306
-1.608436
-6.681998
4.669262
18.911559
-0.525214
3.037184
-2.147001
-18.312787
4.546395
-10.086707
13.456997
0.265463
3.049337
14.744914
28.388236
7.273630
12.260833
5.554145
-9.715732
2.975313
-2.080376
3.780192
-3.534943
14.778449
-5.702315
-10.741882
6.161956
0.585077
12.612427
2.232832
11.385859
-13.653456
-24.353717
-1.791952
4.119577
6.635147
10.702683
3.889579
-3.582275
1.791925
-9.124491
-12.476567
12.438073
7.703039
1.809634
9.060326
-3.509763
9.873838
-9.833181
11.302158
-15.578512
-2.535201
12.390704
-12.021473
14.230461
1.138347
1.547310
-18.035517
-7.351628
2.578063
-15.519694
-6.833752
17.826472
-1.529003
-0.957180
15.243455
11.490131
1.799753
2.122676
-9.097064
-9.526830
1.277531
0.159326
21.892399
-10.512387
0.421956
-16.033191
25.496277
-1.125702
-12.310169
2.998078
-10.678585
0.549860
9.055263
17.856787
-2.043369
-5.204714
10.490095
-9.938265
11.609130
7.880184
-3.048921
9.651465
-6.173676
-11.663228
-4.539699
-1.415264
-7.729723
-6.014032
-15.601772
6.249338
-22.946292
17.474073
-18.441653
-13.084665
15.120293
5.713107
-6.711545
-18.448003
-0.281695
11.253667
8.420198
11.256332
-4.544504
4.790738
-7.009910
4.396723
7.267878
-7.123671
6.174358
-1.237948
-1.125193
-19.411431
15.651985
-5.126094
22.551719
-0.261692
4.423116
1.601619
7.762509
4.319905
8.722833
3.195284
-5.824536
3.756218
3.056106
7.012655
-0.040221
5.513480
-16.499297
2.192310
-0.773463
-3.042052
2.448966
-19.190116
-6.689384
-3.811459
-21.835956
8.422527
18.082625
-16.493555
7.578654
-0.622870
-4.141265
2.836602
-8.528444
14.977254
23.805005
10.873423
-4.277003
-2.212363
-14.761914
-1.042765
20.792995
5.876975
8.226199
-7.918394
-15.146234
10.113251
-2.638458
3.038370
-6.871414
12.647263
-5.967289
-8.796820
-2.697394
-1.017621
-1.078641
-3.840329
2.168145
-11.001497
20.304654
0.255804
-7.159145
-6.776509
7.954664
-9.101013
8.458007
-2.740881
-0.737592
12.480607
-15.292801
8.741642
-4.444788
-3.144947
-3.261265
-2.354752
-4.294269
-4.548713
10.880890
-3.152802
-1.083323
10.900738
9.808574
-10.292972
-3.478277
7.115303
5.027759
-19.016646
-5.293713
5.677323
5.296125
-5.984949
1.135194
-0.241861
-10.990619
6.652915
2.673465
3.783584
-14.526996
4.803164
-7.527335
-4.260765
-5.331395
15.441732
-8.425635
-4.680772
9.940716
-5.424414
2.324602
0.195937
10.880946
-2.202568
-5.977361
11.637071
-20.197255
4.806903
7.996374
23.579878
-12.699117
-4.586326
5.321423
-2.537834
-6.085337
-0.362358
2.155116
-8.524572
10.240919
4.361506
20.440265
-8.681446
-5.295136
-5.034600
-7.486163
-19.775313
-13.951328
-10.792635
0.753946
9.146286
-13.283309
-12.005912
-8.171472
-10.909053
-21.305695
-13.067740
-3.967938
4.383029
-2.860433
0.975890
4.885384
-5.283756
0.774352
-14.274001
-15.914459
-0.285780
7.421025
-8.020114
-14.842159
-10.041536
-1.762529
-15.763675
10.788084
0.812106
-2.374525
-13.385721
0.674455
-0.456784
0.632369
8.214489
-14.749217
-8.756794
6.062906
2.589270
-7.000619
-0.279954
8.272495
-6.613966
-25.151071
3.322900
3.657528
1.027421
17.675151
12.705429
-1.085991
-4.515260
-10.788780
6.015898
-11.092962
-1.213114
9.955057
-5.002031
1.494250
-6.736885
-6.161007
-11.210751
-2.911245
12.936797
9.560495
0.503686
3.798382
4.394785
5.947548
-10.526029
9.586463
-12.511202
-11.720739
2.241389
14.610426
9.939919
4.633001
-15.165402
11.791751
-8.306830
0.187299
-5.030741
5.381346
-2.166380
-5.071191
-9.878103
18.825710
2.165903
14.428568
9.541730
18.821713
-13.629028
-13.454252
-7.967014
-2.913573
-12.701907
-11.277741
0.934770
10.318818
-0.757922
-20.278650
2.498157
13.486256
-2.152784
-0.979061
0.585969
1.073622
-22.596230
-1.762862
-6.370094
7.338658
-2.924548
-9.051118
-8.100320
7.178927
-0.828264
12.319051
-3.885013
-18.167936
-28.540635
-2.268191
15.729809
25.111783
10.819622
12.169304
18.528887
-9.395469
9.074605
-3.705883
-1.024186
4.737547
24.981305
-13.109818
-0.526333
18.533869
18.852589
-8.194048
-10.204412
-3.692611
-17.612168
-11.225453
-19.578734
-3.953581
-14.588533
6.493733
3.701042
-11.342016
-3.329139
-8.760370
-9.735927
-5.397086
-0.856799
4.272961
8.109348
7.126244
-9.366912
-1.776364
5.443966
9.570152
3.040943
-7.994109
-14.758877
17.965599
-14.147865
-2.209100
12.349457
8.001579
-17.674680
0.553441
20.462130
17.603370
-2.196892
-5.899515
3.334347
-7.705644
-3.033923
7.372204
2.030508
-0.570673
0.428888
-12.847945
-1.742457
-3.452214
2.312284
-9.919223
-5.289318
18.996986
-0.534896
6.870695
3.078915
3.475662
2.592132
-9.713166
9.470750
-3.968131
13.057144
9.993134
-13.160363
-5.713633
-3.210567
-13.855331
-12.206670
1.493657
-2.325843
12.659776
-3.347920
26.774907
-14.915504
0.484300
-5.356148
9.186003
16.908133
0.797705
10.160886
19.737285
-11.249931
8.204821
9.702561
-5.157721
3.645733
8.667159
9.068551
3.026910
0.784176
8.115234
-14.971523
2.065217
2.765379
-6.756654
13.586207
-3.480803
5.557767
-6.525675
-8.570365
-13.191919
21.153407
7.962620
18.959803
-24.960890
-11.858565
2.120591
-3.021257
8.765730
-11.143305
-22.115255
1.628990
-14.852375
-2.445377
14.413997
-16.764037
-1.187287
0.794921
0.730327
18.605775
5.770519
-3.448507
-7.106254
9.691951
1.602151
10.865567
-17.312922
0.381635
-8.143953
2.609701
16.315559
-3.206853
-2.578457
-18.537572
2.096344
6.435720
7.167021
-35.345456
-12.941973
-10.903908
20.597919
-0.671298
-16.523693
-13.198993
-7.821270
28.217102
-4.375096
2.330392
1.791727
-14.715793
-5.653987
-2.174831
28.319617
-9.633042
-6.937474
-3.855250
2.275673
-14.479066
-17.089644
2.663754
-5.615828
5.497860
0.446255
-12.737860
3.577183
-3.853459
15.044498
-12.700260
3.022125
-8.105396
2.975437
-9.781700
6.538761
3.246533
28.982205
-9.137033
14.639997
9.452124
-5.354995
-7.040795
3.079937
5.579119
-17.636132
0.174861
-12.176126
10.072797
20.383136
-8.213317
-4.491923
12.011402
14.478985
18.084642
-7.805367
-14.525288
-1.961457
5.151865
25.985750
5.027667
-10.383468
-6.535270
-7.076058
1.286472
19.403729
-3.355364
-24.773078
0.289532
13.124269
-4.414835
2.097661
12.535249
-5.199663
12.923479
-4.235657
-12.502462
-2.887177
3.269507
-11.000504
-16.787375
-7.529118
1.650032
2.224798
-11.317327
4.476408
-4.316635
7.921246
5.469381
3.559321
0.456045
-2.136219
-1.620024
7.317160
-1.195039
-3.250582
7.472315
0.579825
16.040267
22.084746
1.780885
0.975714
-8.770012
-10.830198
0.299770
5.508822
1.863865
-16.745920
-17.342580
-29.698356
-5.484708
-0.422141
-11.118864
9.386688
13.577840
10.390491
11.561160
1.974470
0.720723
-8.213627
3.694863
-15.895626
-9.452552
6.480235
-7.590202
-20.603957
-10.319079
-15.998570
7.092422
-12.712603
19.070209
11.951680
8.567790
-13.295564
7.453463
2.142218
11.884199
-10.875026
6.634947
-5.001480
-8.136381
-15.963480
10.622228
-10.581185
-3.543916
-13.855665
-16.860906
-9.472418
0.889938
-2.233540
7.262454
-19.741677
-13.790103
-4.663868
18.595333
-15.854093
-9.208338
1.079161
4.743127
-5.746411
-18.125381
6.836093
9.152975
-9.099388
9.319410
14.293499
-11.651101
-20.136506
-6.740739
-24.204322
9.067136
18.225280
-2.788011
-6.525426
9.163075
2.332066
2.739100
-4.279545
11.444953
-1.127345
14.371974
10.977236
11.318457
-8.264723
-13.380762
-8.934760
0.859259
4.537006
-1.492978
-10.867623
2.559138
6.662866
-10.482686
5.430854
3.706619
0.486374
14.524155
-10.302472
-10.368504
3.793980
12.709881
-12.515625
-8.065079
10.718902
5.051532
14.257109
20.382593
-14.070090
16.176947
-4.311320
-6.504327
18.216071
2.157096
21.703954
-1.291292
-10.995647
26.174759
17.963950
-4.124892
-6.302199
13.912749
4.829936
0.575730
-0.172892
16.566680
3.207824
-7.456548
7.865362
-8.022582
3.795711
-16.580945
-17.385858
6.854739
0.735796
6.881257
1.112517
5.671883
1.761343
12.007085
0.093375
-12.104386
1.865795
13.712268
1.047090
4.726230
7.786996
-1.740078
11.927988
3.800283
5.807144
-5.462500
-6.871815
16.530491
8.665256
-8.814518
1.706214
-0.842627
4.445109
-4.314280
16.751782
-7.696143
5.369158
-4.815209
12.623775
-6.673409
-16.240494
20.352410
-6.304340
9.160696
-2.566939
-9.987272
-20.253605
-9.163549
-7.454650
-8.794233
-4.072320
8.036274
13.381667
12.486953
3.848211
-19.886688
20.671205
-22.303693
-7.119518
3.540672
-19.395967
29.501070
-0.169541
2.224190
2.079913
6.239072
6.795856
-4.508993
6.693640
15.402654
-4.145483
-7.098791
2.590337
6.773920
15.051006
3.012960
12.070639
5.554322
17.533283
-13.990174
-4.712214
5.287438
-2.655209
1.242984
-17.737242
18.916546
4.019596
4.194796
4.488563
0.229030
3.428041
-0.735977
2.547782
-8.017291
-3.039485
-3.966642
4.323299
-8.913254
-3.378399
4.521222
-6.997801
14.864317
-14.028769
5.764076
2.698953
-17.440364
-4.264100
0.285823
-5.430492
4.093014
-7.204955
4.549664
11.667148
4.803759
26.280326
0.636100
-4.682618
3.546396
2.059704
13.444934
1.089483
-5.508350
10.037071
0.234595
-4.092775
12.169414
10.811129
5.457827
-2.869587
-11.444911
8.994175
-29.899805
-4.461752
-4.301621
-20.084727
-16.459735
-2.618223
8.815141
-4.700799
11.728687
0.215306
12.075627
-1.527508
6.815448
9.468471
7.555112
5.244809
-8.711724
-1.818073
-18.395162
10.957212
-13.638174
9.268578
3.045957
-5.337400
0.193715
-19.863245
0.058717
1.041913
11.262584
-7.734079
-5.528214
8.044354
-8.092212
-28.781056
-0.608320
-7.719086
-20.406821
-20.737647
8.475290
-21.722970
5.343874
-3.694024
21.924180
-8.853354
-1.310217
24.646050
8.242222
-15.118452
18.388834
11.768773
-3.226178
-9.902688
26.427967
-4.131450
18.324318
18.500617
-0.950176
-4.230803
9.663069
11.133632
-10.284811
-5.215366
-13.331684
5.137646
15.952464
0.812583
10.778791
-0.878864
0.134302
-25.377682
5.852698
10.188874
21.995498
13.634592
-8.704687
-7.124858
16.310049
8.240799
4.126316
27.606982
1.095983
-17.793494
-4.425087
15.563537
1.402274
-12.429386
-9.260370
-5.195207
-20.545110
-14.674556
-1.056142
1.665837
15.539590
9.034810
6.788448
6.446843
-1.535751
-2.954946
18.217246
-4.655795
-5.514577
1.204189
0.750141
14.713555
-5.160088
7.023893
12.958573
-21.251822
1.894064
2.146875
9.888305
-13.820562
-6.953357
8.128636
17.261463
16.279631
-7.063489
-13.917376
3.123581
-1.027800
1.081987
8.691753
-2.663449
4.174662
-3.627945
0.587572
-2.923906
20.430655
-2.569563
11.586448
1.755655
-7.746223
-0.606478
0.002994
10.768862
-3.089062
14.499394
0.289007
-6.393196
-5.627908
7.440275
0.891607
-15.777170
3.009555
-12.631763
6.353502
-5.700183
2.949273
7.969577
4.236157
-10.670535
6.376271
-0.678384
0.724632
-11.933124
5.601213
4.387514
-10.228518
-5.013761
1.691512
1.130668
-7.968967
10.941300
2.493495
-2.256353
-11.704172
7.732055
2.638679
-2.808265
2.933952
0.880615
-14.119153
-17.215918
-6.364750
9.772061
-28.079458
-0.789417
9.489290
7.484762
0.864073
-9.163749
-1.159349
14.460024
6.113329
-9.712408
-3.688525
-3.364282
-0.230761
3.906015
-9.334961
-2.154656
5.486556
-1.173852
-8.920487
4.255242
4.919633
15.367086
15.101699
-17.310608
-15.524886
-1.945708
-9.726006
8.346073
8.147993
13.737991
8.993748
-14.252334
3.661108
2.541770
-4.896815
-6.208079
-13.325658
2.942102
10.698719
0.819413
-3.732419
2.408156
-12.569438
-3.634961
1.260870
16.323884
-1.124409
-0.656915
9.707859
19.858556
7.127997
-4.588121
-4.311399
-1.744915
5.547172
1.176711
-2.359761
-9.680613
-19.843348
35.373018
5.066360
-4.727165
-2.595905
-4.479444
3.199594
-9.648969
1.218433
-1.149312
5.501613
-0.013048
-4.439244
17.913124
8.210953
7.620970
-13.906509
-0.957979
1.039792
-1.771039
-4.355726
10.189325
-14.707744
2.060043
-4.316282
4.276093
16.387637
19.801328
-0.667356
-8.449672
-3.012451
4.420389
11.605142
-31.753468
-8.230336
-2.912491
-0.798260
8.068211
6.262812
12.526659
-1.653980
-2.243102
-21.747074
-13.353922
-0.027908
-3.078629
-0.756384
-0.811645
-4.189084
3.066462
5.784643
-18.884408
-13.693849
-3.183532
-10.746673
-12.696392
-4.996172
-8.824788
-7.864452
1.354796
2.369863
11.621726
16.897465
8.749643
-6.144359
-4.004581
-4.130502
-2.504689
1.296740
-1.742214
6.732254
14.891736
-3.357943
0.084544
8.295122
2.922044
0.186950
4.084496
-15.511270
-1.070442
6.320699
8.766788
0.863969
3.968718
0.683690
13.086149
-12.447104
-8.583159
-14.162125
2.951391
0.542818
4.024850
-5.927872
0.972004
8.565184
-2.683164
11.667207
-18.697287
-9.700597
7.498933
0.345213
-17.445566
-7.187581
0.834079
8.979080
-6.804936
-3.084306
2.358893
-9.341070
-2.296003
-0.003734
-10.849874
-0.003780
-7.842947
17.530885
-17.201312
-10.277649
-9.360275
10.257713
14.959076
-4.297740
3.114664
-0.316355
-15.071111
1.733776
1.108835
7.179197
7.159143
-1.658516
-10.452326
3.066210
12.264745
4.809132
12.701787
5.901720
-6.892419
7.022659
2.087162
-3.546232
-3.897115
-12.304584
-0.592019
9.949267
-3.668977
17.722797
-1.339511
4.196847
26.735345
-1.138939
0.836368
-26.283455
-10.330801
-10.928958
-9.364764
-0.387216
-2.222851
-29.035782
-15.721012
-17.961139
-12.374320
10.823423
0.448217
-6.443021
-0.153011
2.697293
1.078381
0.655873
9.963366
2.006257
-2.670014
-17.353399
2.463995
10.750511
6.267843
3.797923
8.340314
-13.634522
-1.688886
1.364523
0.504530
-23.344643
8.957571
-2.190068
-2.518480
15.727865
-23.194655
19.189253
4.897250
-5.973740
3.766571
6.160464
-5.273919
-18.541080
-4.833278
-15.165919
5.970598
-8.789757
-6.129449
-5.647928
-7.850916
-3.328087
10.691483
20.745409
-14.602888
-9.375997
-12.786627
3.323891
4.872958
4.485385
2.954183
3.949865
-11.059800
-8.852970
-10.000284
2.300251
7.337277
-4.068635
-25.354291
-20.591626
4.704656
20.048976
5.415425
17.947240
-6.717751
2.404934
7.108428
2.896545
-9.295682
5.332403
-1.674204
10.421585
-9.520141
11.311055
-17.136682
10.201630
-8.560828
-16.522749
-0.520759
-0.630813
0.954825
-5.359529
-9.932327
22.727226
-10.428430
18.644839
25.522217
-4.727333
3.676123
11.308751
4.869066
7.641361
14.561376
-1.763553
-6.351256
-8.265342
12.652796
2.928034
7.620923
-9.799607
-16.925252
5.752500
-14.200308
10.521002
1.000691
0.984625
-5.203611
0.194490
8.435772
8.728076
1.229507
-0.379536
-18.230811
4.479786
5.785161
1.431302
-2.342152
16.826947
0.054578
3.151670
2.799608
4.213237
-8.260904
-7.142317
-10.283792
6.493144
-0.396215
-14.018375
-3.585069
2.213238
-10.454563
8.881110
-8.730828
-1.134475
-0.401503
8.153286
-2.108786
-8.607611
13.377719
9.892761
6.979003
-3.984230
-3.961985
-4.680019
-4.367587
10.204873
1.669614
17.109608
0.682580
28.545299
8.194536
1.408366
-8.640603
-6.817083
5.306436
3.760607
4.174806
-18.661783
-15.711733
-16.170171
-6.883962
13.945831
8.704555
-3.871087
9.741718
-5.226136
-14.435781
-11.665937
-1.433094
6.616567
5.863497
-7.141077
-8.485351
-6.512543
0.456318
-5.235237
-1.784378
-13.762690
-4.076017
-2.601261
-8.776377
-5.143482
-2.985352
8.915133
13.745381
7.266949
-20.971701
12.737703
-12.300885
12.190563
14.543531
3.562538
-7.396967
-1.668895
12.890615
9.460353
-7.259561
-13.727941
18.605306
-1.276052
-6.003851
-9.517526
5.564959
1.780206
7.917256
3.480767
2.372246
-8.234872
8.155097
-17.175004
19.814439
-15.289342
-9.493306
6.290973
3.832402
-15.063822
-17.216358
-4.044211
-13.645282
15.366174
11.712266
30.785154
3.209597
-17.684034
-1.495767
4.912764
14.877034
2.040833
31.926876
-11.969206
2.974339
-11.291296
-8.796039
8.328661
4.854314
-0.015531
-0.462196
4.861719
2.928879
17.166061
-4.432666
1.089425
-0.625480
14.364276
-9.536242
7.097533
-9.954850
-15.013184
3.671697
10.024297
-5.065141
18.262331
21.716696
14.810265
-17.200341
4.636020
-6.662178
0.958274
1.047700
4.693917
6.386299
2.966270
-15.970349
10.481163
6.837024
-9.878438
-19.005102
-12.959159
-4.461903
6.190925
26.270796
7.452258
19.275280
7.538509
5.950956
1.468665
2.157153
-4.177352
12.973396
4.221632
7.841727
-2.584144
12.509362
2.389690
2.851481
3.792019
-8.266247
-12.772895
6.269195
-3.696172
-12.469686
20.854206
-3.458355
13.710829
-4.285371
-4.803013
-1.024508
-9.387532
-1.592381
-7.743321
-7.655058
-18.917269
1.500330
-3.375836
18.206122
-11.945915
-8.840754
2.572268
-26.243426
-17.567265
9.656374
-14.964255
24.846814
-18.904730
-12.109800
-2.244763
-6.512758
-0.670427
-7.344836
12.530958
11.402582
-1.742650
8.214000
-8.656175
5.125851
-1.923465
-16.335238
24.106935
10.173160
-19.422328
6.128247
3.739331
-8.778973
-3.589858
3.463198
7.352708
-2.317929
3.874779
5.987530
2.821182
3.048566
-11.328177
10.000281
5.817600
16.845634
4.846848
0.538102
-15.688613
-21.764708
0.745687
-19.698163
-5.368310
2.908371
-13.171241
-20.129561
-3.040380
0.815749
5.264658
6.728735
5.705620
30.661390
4.009271
1.624688
13.872772
3.168105
10.006005
20.831728
11.272920
-15.166891
1.678903
1.418233
-8.250676
-21.566787
16.351804
-3.056880
3.411650
-2.595960
1.128730
0.298691
8.103614
-18.193005
-10.952232
-7.528883
2.328378
1.223874
-9.441982
-10.176983
-7.766281
13.217766
0.586605
-5.786934
4.124238
1.277259
-14.709331
-7.009913
18.336938
-18.142812
9.545612
-5.863707
-3.810614
-10.942965
-10.574065
-1.680820
3.117377
6.172026
2.892107
11.679357
-15.044234
-6.465120
-8.767805
33.909200
-0.222496
9.661742
5.192096
11.960523
-7.328370
-13.318484
-10.139993
-15.896290
-6.218000
-3.659757
-7.781717
-2.188485
-10.674860
3.509951
3.829918
9.072190
-0.272864
5.708868
0.307295
0.799500
14.612955
-12.831542
-1.731512
-2.533422
4.260700
-14.767007
17.514701
14.450677
-4.020181
1.996928
10.696123
-9.699084
9.023996
21.177214
6.466650
-5.310815
1.171396
-19.500954
-5.144951
10.700006
-4.904566
1.941675
2.415363
4.980687
-17.166227
-1.348070
-23.146470
-4.902119
7.842931
3.546973
-7.707547
12.371677
-10.041794
11.980956
-21.181707
-11.315418
9.209657
11.344536
11.829266
-16.886846
-16.630460
0.500670
20.813672
9.801450
18.430219
-1.237838
-8.812127
2.305690
4.368252
-11.387124
1.261986
-4.211503
-22.873520
-6.292564
5.771662
-9.531874
-6.520813
-8.772155
-6.143607
5.471860
-0.222483
4.999388
7.740572
-3.844452
20.783898
18.760719
9.651377
-22.218923
8.579819
5.653243
6.268024
-4.318713
3.594312
4.426316
16.044125
4.329625
2.753294
-10.355679
-6.057609
7.528640
-5.755362
5.470104
11.448653
-5.521838
-13.270711
-0.786342
-20.473333
-10.850485
-12.578514
-3.110079
18.891410
-3.970536
-20.685244
5.271268
-2.097226
7.719104
9.194657
-0.497895
-2.580703
-12.305552
8.479147
-2.356965
7.354981
-4.346146
-0.158478
2.604233
1.163578
3.284844
-10.092367
-6.440192
-10.789194
-9.235090
8.980387
11.868506
7.355770
-9.352912
-6.467763
-2.955731
7.834164
-1.725877
11.276488
-7.866243
7.113056
5.761144
-4.756901
4.238003
-18.318880
-2.330724
-11.510762
-16.107988
-9.938316
6.399427
-2.090533
-0.944191
6.848861
6.975808
-14.848820
8.718970
19.006280
27.612340
-2.662283
-11.482239
3.071515
-12.983557
-16.348007
3.657731
-13.972688
-2.308468
-7.168641
-7.371094
0.112336
6.580109
12.652402
3.007018
-6.075832
-3.934997
18.439668
4.533119
5.710634
2.691723
-8.858865
23.779501
-1.518983
1.619221
6.012720
18.672519
-7.488449
3.881244
11.775429
6.571202
1.751281
-0.198460
2.283475
3.798833
-18.145442
-10.602625
-10.284625
4.968282
-2.662256
-5.726394
-17.378811
-5.838698
-21.492428
-1.001800
19.542020
12.928949
6.385165
-2.119409
-18.589123
-3.752896
-7.884310
-10.147469
-3.012776
5.561935
2.610800
-7.805445
12.516067
-4.574230
25.403080
3.383333
-14.224732
4.541874
8.056238
-9.637101
7.380202
3.236304
4.509946
1.750073
0.449194
-15.064135
2.691210
-5.176334
2.858187
-12.893195
-7.921041
-8.532029
-3.651160
1.954059
9.427398
-18.303864
-20.671750
7.253229
-9.064205
-3.487628
-17.029702
-10.308609
1.151413
-3.523306
14.353358
-21.297910
-3.373100
14.700999
-13.817398
9.663157
-0.392930
-9.280299
11.279381
10.046614
-5.861954
-5.316387
6.031753
-0.428664
-1.142683
3.375292
9.079401
10.375735
0.620978
9.110128
2.218544
-3.763267
-9.514131
-26.257380
11.035770
10.793945
-3.419107
9.442861
4.268570
-9.862175
-4.776171
-0.746502
6.456801
-3.436037
-4.408855
5.026584
3.932461
1.427905
17.775794
-13.105032
-8.552641
14.223578
9.033862
-3.855063
4.756552
-26.444348
-7.913330
12.204527
-5.660709
14.384854
-10.209941
-11.936142
6.667445
5.851876
-1.923926
-17.274375
8.666501
-6.802801
-1.444186
-1.478129
6.318275
-3.132158
-8.767410
-4.616355
12.618155
-3.590368
-11.422542
-3.993647
-5.348014
-5.697679
11.423655
-18.169086
5.831724
3.051512
17.115131
-21.828553
-23.425645
0.179892
-12.535745
-18.560013
-14.349701
-8.130031
-8.526165
3.148748
7.739894
5.584874
8.043116
-0.290566
-8.503866
8.503373
-8.840807
-6.148666
5.698162
10.494641
2.980230
-5.932814
2.308952
-9.896407
-11.850863
-11.935630
13.669453
-13.298394
20.539430
2.360968
5.102513
24.881737
-8.491019
8.467422
-22.752005
-6.831064
-3.907224
5.149036
7.306003
18.819703
-10.338881
-0.921070
6.532194
-21.494564
-12.540164
1.460197
-3.187475
-18.106707
7.495846
-7.226588
5.135051
-12.086254
8.575628
9.321594
-1.585950
12.177918
1.728753
-8.025797
-3.925703
-4.613855
1.527083
0.257238
7.755260
7.003622
-14.974812
9.319838
26.487884
-3.463723
2.884723
-1.032153
-4.083063
-3.526220
-7.285579
3.127289
-4.880695
-17.015514
16.522460
7.365821
-0.705685
-11.900002
2.909830
-4.683788
12.181512
-1.791993
1.584472
-11.787862
1.652748
-18.614287
3.008194
-2.019497
-7.771689
18.774271
-31.664560
-4.006571
-2.685658
-3.274035
-4.816264
4.395584
1.010972
-15.988710
8.008125
3.384631
-6.197080
11.356616
-7.002187
-5.672771
4.901392
-1.165553
-13.785459
-0.001667
8.342430
-23.902149
-11.207589
0.563191
-4.012173
-31.095743
9.720185
-19.865172
-6.475897
2.501233
-1.479604
-7.381289
-10.719931
-0.581243
-19.240049
-6.442747
-25.089799
-1.061420
4.305468
-20.163950
13.136025
-0.275393
10.704519
-17.690243
7.388190
12.414943
-9.441533
-4.730437
-6.840154
-2.698474
-1.897891
-10.832817
1.218373
-9.169441
-6.066524
4.274601
7.034107
7.256169
3.060231
-5.194873
-8.978220
-4.471962
3.334920
-12.893015
-0.086803
-6.235466
-16.100663
-8.621804
8.262644
21.679802
-10.317944
-4.419437
-16.944164
2.206368
-3.862622
-7.728990
-0.078971
-7.661223
3.181996
-11.702276
9.466096
2.098951
-3.524292
8.095318
-8.181088
-8.464363
7.385749
0.496699
-9.817255
6.152895
3.673423
18.566857
8.535224
6.327456
14.608572
17.325728
-0.257455
-3.777352
11.416048
2.977435
-21.533916
16.163538
-0.374947
-1.685154
0.004131
2.552463
-24.437281
-5.171468
-25.481703
-13.174794
-9.839546
-0.590701
7.843275
8.444855
-6.007437
8.345437
6.337223
5.477959
-5.839436
14.568622
-18.085879
-22.762519
18.236675
9.191436
-13.200783
-5.345896
-17.251591
-9.211798
-5.162681
-7.313502
-20.564805
6.154319
2.627605
-6.861362
-14.456695
15.395575
-7.935124
-11.010574
4.903481
-19.604431
13.658675
5.798199
-7.862893
7.395802
0.806268
-7.018816
14.199193
-7.223461
-6.058532
-6.673438
-2.752198
4.241575
4.574232
11.119857
-9.881868
13.186720
8.371043
-8.351334
0.655752
5.066077
-13.009817
7.970411
-10.747394
-17.094232
-5.130593
-4.881378
-9.549098
-13.132406
-4.052341
-3.218434
-10.885428
5.977864
19.464681
14.930419
-4.761454
-12.768986
4.549481
-13.301825
-13.396079
-10.872475
-9.473025
6.155980
-8.223053
-4.867081
-9.875946
16.662864
0.131962
21.898804
-10.477159
-1.346895
8.749454
-12.899647
-4.599958
8.997039
-2.036880
-12.024663
-7.547762
-13.801940
-9.585586
-18.399110
-3.227959
7.860066
-14.316839
13.534102
2.460133
-21.671172
-8.753328
-12.956854
-2.024895
-0.645871
-9.512386
-14.636056
-9.521896
-8.173327
7.389415
1.333530
-3.324030
-2.201358
20.323185
-38.211666
-0.190097
7.127808
9.452312
1.168557
13.851690
-8.295099
-2.404491
-10.809858
-0.322910
-2.499120
2.887672
6.422649
10.094705
0.370988
-0.673004
-24.229119
3.017519
-5.498613
-6.773313
-4.093123
-2.971830
-7.119819
17.636286
-5.243437
-9.441912
16.447729
-2.791642
-4.653770
22.312760
4.248573
5.450400
7.548957
0.776745
-13.696383
-5.071401
-9.332184
-7.717640
4.589875
-13.683774
26.474812
-15.311584
-5.444701
-8.635212
17.325134
4.636885
-8.953730
-3.764478
9.927498
-3.743291
20.999366
-12.933866
3.085387
7.387566
-4.621369
-9.415410
0.009875
0.194457
-16.860139
13.717339
-8.839607
-3.018194
1.188688
-9.241591
6.462610
10.437112
-1.331778
-10.610269
-4.919432
-0.949456
-2.632472
-3.765181
-7.844879
-11.835936
-2.354172
2.641067
-10.953565
-6.561533
-11.837115
3.622169
7.855948
-3.000210
1.837593
-5.073286
-10.922671
-13.057036
7.392880
9.991738
28.279291
4.753189
-2.862727
-2.305140
4.857900
1.684062
-18.319197
-13.782151
-15.437683
0.291374
-14.252671
-0.708464
-11.165940
-2.325471
7.264012
-5.690163
3.682819
5.844741
7.845688
3.458665
-10.834101
21.758886
6.025123
3.785777
12.822425
17.750461
8.604897
4.144715
-10.289507
7.522163
-5.060719
1.124083
-9.577102
-4.540997
4.431383
5.619016
6.482014
5.654603
8.206071
11.507256
-6.604038
-0.227954
-1.177836
1.072309
16.418850
-16.150281
4.198513
-5.809227
3.763939
-0.154886
-5.911007
-3.229818
2.504018
-9.726010
9.535689
7.056421
4.292223
8.825415
7.399204
1.717176
-10.066953
13.750763
-0.702957
-7.332119
-2.020501
-14.028204
1.572075
-10.217938
4.571787
-4.747366
12.711227
1.859724
-4.214155
-13.036854
-16.231221
-6.988994
9.796550
15.632318
-6.897046
16.754952
-14.430304
-15.557508
6.576385
-3.017915
-6.770466
-4.091748
-4.887624
2.112120
-2.433601
-9.465721
-10.154257
-6.269383
5.380991
7.825653
0.930683
18.334281
5.040548
9.766288
4.657810
6.544828
6.886668
10.390685
-14.364673
-16.634029
-7.308099
-7.614767
-3.302490
-16.781218
-9.203632
-32.155139
14.761035
-11.988806
-1.365463
-4.756847
5.361483
-2.975906
1.797657
-13.494953
-7.873784
0.514815
11.656908
10.236980
12.694742
-10.370068
-2.213886
-14.202554
8.264820
-18.531604
-8.922672
-3.295205
-4.658403
-10.939405
11.415185
11.558413
-12.255129
10.001524
-1.998608
-7.079390
7.171953
-8.874742
-2.919629
-6.715429
-7.217498
-2.380626
-16.689297
-3.788352
-20.429659
8.006499
-10.859359
1.680767
7.796902
-2.080150
-0.052753
10.281815
-11.675629
-12.894438
5.516473
-18.074983
6.223019
-9.926744
-2.537929
10.318569
22.283704
6.839435
6.230763
8.652287
-17.479980
7.586779
-20.575539
7.888375
-16.942102
-8.020237
-6.309898
-3.274240
3.904624
4.817093
9.234015
-7.948344
-0.927739
-6.027145
2.732465
9.986033
-8.782193
-1.891946
-7.431125
0.454035
9.804548
-5.088371
-4.970411
-19.096135
-8.036994
0.430702
5.218629
10.007998
1.463963
-1.377022
1.532960
-11.006497
3.427828
-8.984363
6.455047
14.098868
-14.658353
-13.606151
-0.813206
12.148619
-6.361050
-4.999757
-21.524750
7.477023
4.035412
-5.713075
1.753113
14.194846
-5.919227
7.226448
12.424145
-6.037068
4.502494
-10.759546
-2.480312
-19.022647
4.988423
-13.230824
9.724309
11.512782
11.528474
3.000104
9.314798
14.743165
-2.391787
1.099265
-0.992386
5.882139
4.200968
9.142279
-10.469059
-8.270862
-17.190662
-8.482879
-3.383533
24.013571
5.978880
-2.916741
-7.391095
-5.144718
-18.991549
-12.757959
17.466394
-0.162285
-0.997584
-8.105693
-25.439352
-4.346845
10.067330
-12.142428
-5.929628
-10.533066
10.824461
-8.482594
-1.665480
2.625759
-17.714637
7.543320
0.368555
-1.942296
-13.687424
11.577816
6.028461
-16.908044
7.722256
-8.513204
8.958717
-0.390380
-7.749538
0.814828
-15.163945
-13.566579
-5.179034
-22.655342
-16.163326
-11.912241
-3.155839
-16.909739
4.421874
2.813141
-6.932307
-7.659595
-17.369805
-8.700206
7.737535
-14.301158
9.570177
-1.709803
-7.336845
6.611188
3.236630
-0.385305
-13.923689
-15.002121
-0.639410
5.901262
13.653542
12.597353
-9.423882
1.897386
7.234706
-13.754682
-29.817385
-18.943482
9.958209
-7.175216
-14.055741
12.273700
14.324592
2.492594
5.772586
-9.033683
3.868402
-8.767306
4.549884
-1.097097
-3.295576
-6.915126
2.570224
14.688350
-11.653074
-2.885584
1.153281
8.451381
-24.964122
0.861976
8.226729
6.340130
-10.393418
13.929143
-14.574669
-7.668584
-6.510952
-7.904777
2.608972
-6.595542
-4.237374
8.340190
6.163705
11.116763
-3.136676
0.768949
18.431406
14.141555
6.012669
7.911935
8.485457
-11.435903
-5.872732
10.286873
-4.651212
-11.815918
-9.504929
-8.188265
-1.655737
5.559458
17.577124
-6.468618
-17.813425
12.902408
2.470680
9.580489
-14.941031
13.386312
11.451933
-3.322093
1.905754
-7.836897
3.976745
23.353051
-14.377090
-15.848760
-2.577427
1.773787
6.583088
0.859031
-2.719267
-1.219437
13.158230
14.893958
-5.489600
-11.327566
-20.580494
11.267997
-11.573072
-25.379775
1.499714
11.367485
5.818352
-7.716333
5.536536
0.243930
-0.077794
-6.298557
7.537538
5.360460
4.325588
1.007817
-1.156442
13.734358
5.797077
20.062417
-20.837182
-7.574505
1.261689
-0.445313
-13.983340
7.756094
3.009047
14.049164
-4.518338
-4.737340
1.813401
11.158917
2.150299
-4.254184
-5.744582
4.233999
20.025467
-11.591159
-5.872893
5.892155
6.064415
-1.524426
-6.328205
-3.560597
-12.594869
-12.563744
8.477870
6.287110
0.616799
-9.025643
-7.874739
-9.241311
-28.930692
-1.077650
-11.910761
6.356812
4.163721
-14.311647
15.291720
-11.447232
-1.530631
-11.019310
-0.541758
-5.769735
-3.909877
9.066792
-13.568464
-11.679798
-8.690569
-8.835898
-10.913570
-6.848052
6.988717
15.456554
7.600110
-5.070243
16.186654
-9.780462
-10.738393
-16.238780
8.373003
-6.072652
-17.087384
-8.610088
1.300385
8.959817
-12.008692
-2.478639
-19.150486
0.416780
2.455804
-11.414589
6.927146
-4.780498
-26.686439
14.922209
10.378885
-10.647425
17.107517
-9.325359
-13.755230
6.971235
-5.530866
-1.102179
9.398233
-12.565590
-0.604292
3.883502
-24.751141
-6.977681
-0.913192
-5.394870
7.365415
-3.884981
8.290928
-15.497716
-2.976324
-13.346803
-2.988291
0.202165
-0.375677
-11.517711
7.301911
-4.259034
1.658769
11.906680
9.039899
-20.419194
-13.378533
4.176023
-11.210409
10.985246
-13.984907
-1.923591
1.124928
0.903540
7.049180
1.897514
-6.851684
-14.609036
-14.907918
-15.444639
-8.959486
8.008104
-10.116792
-16.252344
-0.674197
-5.268900
-9.549522
0.909437
5.959303
-12.948141
1.052656
5.348913
8.374731
3.170223
0.376788
-3.214715
3.229830
-8.015308
-1.124812
-0.230852
8.319949
-13.364867
8.295457
9.965030
10.027989
-3.852623
2.052551
4.443107
-4.943338
-1.238155
-1.245519
-15.375560
-12.924325
1.245505
7.046437
3.022187
-22.315455
2.353922
-11.014687
3.406982
19.331507
-7.124212
9.306511
11.939977
-3.147604
1.220586
11.919575
8.757346
-6.102602
1.154581
15.185360
-12.298746
10.849643
-9.928118
-11.085014
-8.126035
3.291080
4.726025
-2.210996
-14.618599
-1.099362
8.609280
3.792536
5.011248
-4.580393
-17.056071
1.773723
-7.204347
11.195575
6.336873
-9.496258
-9.097607
-1.502364
-22.371260
17.446842
8.084409
13.785069
0.083831
5.811305
-0.607971
5.935838
1.636480
-8.825652
-2.174509
6.816986
4.695187
6.450109
10.206200
-11.819965
-3.583067
13.474894
-3.686262
-0.652802
9.302158
2.248695
4.828733
-12.173651
2.285018
-17.046792
11.494928
-6.641913
15.582699
6.780095
-6.494953
-13.268425
12.770428
-12.322709
-17.741056
3.327840
-9.056887
2.291318
8.785214
-24.391470
-0.704347
-2.776393
-17.687006
-20.159472
-10.248154
-1.711268
3.157779
2.353355
-4.225702
-1.037299
4.744832
2.508764
-21.279588
-3.764143
-6.805674
-24.224068
0.103696
-20.395074
3.111735
-5.411543
-2.098301
-5.917424
-12.137748
3.745512
-10.967799
-9.683307
-4.208556
-8.767271
-16.715614
3.328434
6.407765
-0.139567
-7.985040
14.381524
-19.187128
-3.244656
7.589189
8.587017
-13.573996
-9.896061
8.283861
0.287743
-6.192844
3.909574
20.274991
-4.631986
-11.966807
-2.202299
-19.378535
-3.884766
6.151725
-14.993092
-15.772305
-1.390255
-4.956726
-0.248752
6.740091
-6.626936
9.199642
-6.513909
7.944418
0.392808
-6.928585
8.383675
-16.877419
-11.592100
17.826262
-6.439343
-11.550372
-3.064391
2.673587
-10.219704
-12.023533
10.352595
6.624733
-0.335706
-4.513326
-7.660952
-5.100981
-27.386695
3.474293
-2.270112
9.290824
-13.328794
1.598072
-1.668538
-4.734664
-20.902237
-9.473291
-1.115143
12.027567
-0.261200
-0.840299
-9.839434
-9.719700
-20.940656
-2.323496
-0.343403
-3.158461
1.175730
6.501475
8.841439
3.407708
-9.448911
-6.468222
21.707298
8.056263
-7.107164
-16.776955
-2.059244
-14.499023
8.933143
16.161227
2.135627
13.832668
-20.982359
6.078539
3.490623
-9.334271
-1.748760
-0.763104
-13.776909
2.271069
-16.693486
-9.431089
-15.203759
-6.213139
0.044825
-1.382492
-16.207729
-1.491887
-8.073131
11.159772
8.235169
-12.289150
-3.321245
-2.115861
7.046382
7.991882
-16.470050
-18.708829
-4.380677
8.996794
-10.683297
-5.853736
4.420297
16.652789
-12.089255
7.160202
4.234936
-11.129845
5.032269
10.547563
-5.645863
11.117033
5.841324
0.435084
8.009772
-4.893802
0.938517
-6.465607
7.214448
-11.029893
-3.802755
5.291407
21.471722
4.044924
2.872729
8.560813
-12.078842
-1.541064
17.410625
5.880290
6.717243
-9.785495
4.859212
-2.483346
17.046910
-2.940087
5.137056
14.654632
0.230245
0.874664
-21.593225
1.771160
8.679123
-1.905423
-3.755260
3.844959
-1.970788
-0.979349
-10.314955
-16.633415
19.966272
25.657167
7.111823
-2.594815
1.357635
-3.464492
5.377879
-5.554930
4.917754
-17.884264
-5.052589
3.526166
-28.514753
6.387947
-26.183346
-2.378042
-0.983908
16.133566
-17.622028
10.687810
-4.674806
9.458758
-29.398190
-20.899609
-0.160144
-5.378925
16.582065
-7.998647
0.544600
0.854429
3.578792
-15.783210
6.626437
-1.907937
-10.153902
6.912897
-8.327420
-5.290560
-9.528367
6.241852
-1.513582
1.972061
-3.841340
1.539823
-20.300531
23.063082
-0.927495
2.825818
-1.880315
-12.396739
-9.608740
-15.258395
3.475085
-11.907601
17.819425
2.760897
-19.735205
-9.288756
-0.268953
-17.610458
3.085805
3.028170
2.637308
-11.333398
-11.976763
0.327692
-2.797087
2.262133
-20.010752
-14.602643
2.614369
15.289853
-6.023237
-1.016542
-26.540956
-1.737760
-12.075340
7.727605
4.818956
-9.239059
0.070731
2.330266
1.559951
2.621783
-1.054071
-14.919455
-7.772832
7.440961
2.285434
-19.812661
14.569381
-2.037732
-2.051009
1.338547
-3.861459
-7.512229
-1.492367
-0.150782
8.251465
5.180440
-5.790173
-10.263021
1.650257
-25.230658
-2.485229
-15.524604
4.995516
-12.638169
-3.950653
-0.889636
-0.173137
-17.176067
5.018226
6.707080
-6.751132
7.844959
-5.252223
5.084040
-11.135869
-4.136067
-2.889052
-9.408002
9.664364
2.045413
4.512630
-9.030590
3.128000
-11.268506
-19.288101
-11.209164
-3.740028
12.107674
15.025702
-19.190789
-3.092673
-18.008304
-4.842146
8.672591
1.382555
-0.564535
10.306346
-22.770874
0.920654
-1.852430
-10.831764
1.991167
-13.894647
-20.866537
-11.103080
-8.061655
-4.679848
23.269052
7.660536
-0.406901
1.470214
1.457000
8.014978
20.620694
-15.179208
9.341642
18.844082
0.015472
-17.696896
-0.436883
-11.161014
7.445643
-15.304685
7.738042
10.081878
-0.446383
-14.557175
4.307875
-2.562961
12.109054
9.543978
-1.022664
-4.393415
-1.247416
2.968224
0.536945
-6.519298
8.125709
10.849828
-12.862180
-14.370870
-5.972011
4.576117
-6.733570
-8.342967
12.448903
-0.650063
-12.817438
-12.074636
-10.994934
-9.310364
-10.650156
0.664793
-10.586095
-3.671466
-8.418333
-2.049466
2.574117
17.052475
-11.432925
-1.672790
-8.552631
1.827581
-15.900863
3.156243
-3.576196
-16.878975
-18.422151
-20.751488
-15.192825
-14.564533
-17.138543
2.263965
14.726690
-4.554411
-15.239699
11.510373
2.312960
10.293094
-11.133310
13.705371
5.468269
3.778046
-10.385904
6.454940
5.825034
-10.761727
16.623489
3.135070
-4.087608
-4.138496
-3.049017
-5.443956
-5.061518
-18.083551
4.106640
-1.863030
-7.944947
-8.417997
-9.099634
-5.547295
2.177257
-5.478967
12.487166
5.724595
7.120920
-6.274399
0.119715
16.176885
8.277515
-5.150968
-3.386841
0.852110
-14.548594
4.804830
3.426027
-2.133440
8.613298
-13.214836
26.733441
15.911054
-1.348679
-11.137482
-5.566959
-3.974931
-9.670544
20.188564
2.752884
-9.334662
-27.372842
-1.453119
-20.364216
-12.689597
-8.007476
-10.875572
-4.567800
-9.474008
11.788328
-3.724769
-13.875194
19.062022
5.345430
14.525858
-10.933596
-17.325226
-7.570081
0.861086
4.704640
-4.974006
-3.864330
9.471954
-21.410132
0.269012
3.984541
-7.289330
-7.708958
-15.234848
-3.596251
1.104960
-4.310786
-2.499238
-23.411796
-1.746732
0.569109
15.983024
-7.725814
6.742048
1.881327
-3.478032
9.202718
-14.428939
-2.919366
13.745745
6.743404
-14.535719
7.654908
-7.283935
1.517941
9.915234
-15.176414
-18.427749
-5.528554
-17.114865
5.238788
-0.499182
-5.079839
0.540207
3.346341
-1.519016
-24.347959
0.191281
-4.469262
5.894459
-5.626855
3.068283
10.125505
14.255907
-8.156639
10.382588
-11.042680
-4.182067
-6.769729
-14.704058
-4.043684
-10.400897
-15.550081
5.301671
9.441984
1.471343
-12.603393
10.343158
24.953192
4.538124
-7.582446
-11.928233
12.645588
-22.764508
4.894721
-4.647729
-25.233868
12.367884
-6.613472
-2.802644
-6.907272
9.842214
-15.281780
-1.891891
-2.728150
6.425704
-9.711410
-1.304155
0.294542
-2.618792
-14.217119
0.447887
-8.869372
3.150470
-11.613580
-21.952659
-0.552227
-3.036919
-11.476397
14.987190
-3.748837
-11.524573
3.956211
-1.171569
7.409186
13.179596
-15.797947
-19.891791
5.238154
-5.716743
-4.649413
5.600191
5.236261
-9.105890
-11.999401
12.169753
6.924416
4.907954
3.373796
-30.989808
-4.377085
2.218243
9.657696
-2.986172
20.090883
-10.527304
13.137298
12.830356
-1.491349
5.034833
8.439483
2.967166
5.276535
3.426705
-14.975869
-3.789812
-6.926768
-5.250638
4.353356
-6.908646
3.334726
-0.393840
-25.965207
-15.682782
-21.921208
-6.798709
-21.921707
-4.324731
2.119893
-14.140774
-4.950187
6.909565
1.925393
-7.057244
-13.882523
3.152934
-10.496081
8.541637
8.681768
27.518575
28.828315
10.909896
-6.240209
0.536996
-2.735743
2.128472
-3.632911
6.872516
-7.947298
-8.522950
20.114583
22.892792
3.810464
-10.543203
8.179786
-2.517061
-22.542642
-7.571649
4.128651
-7.790678
-6.782272
22.719387
2.321660
0.401958
3.658718
15.339167
1.591524
-2.820271
19.009807
22.053291
-3.823803
11.718030
-1.644979
-2.100084
4.856100
5.488917
1.558508
-20.108936
6.187381
10.990420
-18.179694
-11.908506
-4.468816
3.393521
-0.528576
9.588306
7.687043
-5.756182
-2.084003
8.342445
2.131633
9.078790
-4.138846
10.936702
10.309974
0.256504
-10.347792
-14.914128
0.759841
-20.384622
-12.958611
16.639522
-6.634672
-13.849414
-15.610444
-8.488107
1.673470
-13.797179
9.345189
-7.666228
-20.933566
-12.234602
-3.634418
16.810047
-9.522126
-17.366413
6.102527
-17.617826
5.127155
-1.451688
1.885035
-10.700201
1.512993
-12.330072
-3.594029
7.973649
4.562628
20.259526
-0.554813
-1.718926
-7.523431
2.618934
-1.324671
6.934179
-2.233445
5.621737
8.320902
0.635598
-5.471045
2.375073
-18.943182
-1.147649
-6.087323
-0.398837
4.431496
-7.653644
-11.922297
1.233896
-5.420965
-18.159142
-8.642172
5.598902
-9.356557
0.418904
11.764660
3.442822
1.111301
-6.761734
-10.521645
4.746783
-1.762739
-21.766647
-0.955181
-9.223233
9.910126
-14.635505
4.209761
-9.281232
-4.870508
-0.630988
-1.287813
-6.988160
-1.459460
-2.097838
-19.192616
8.806819
0.247366
9.561568
-1.893243
14.605373
-6.482388
2.630156
-0.357994
7.861674
14.005173
-13.373379
11.164048
-1.211853
-11.734891
-11.577949
10.354038
-7.912552
-9.301926
-11.987441
-3.000721
12.522644
-22.245649
-4.840658
-8.066375
7.158960
-8.603187
-0.167093
-3.093803
-14.181638
9.375632
22.562739
-2.385310
-6.381929
6.056873
-12.458329
-4.266608
5.871615
-9.669840
-27.928515
4.611468
15.933134
-9.113314
2.492573
-0.629410
5.717997
-0.890680
17.703783
-11.231850
3.877910
-12.686401
-11.892433
6.869340
3.314127
17.698328
0.545964
-10.937041
0.799907
-0.732658
-2.819117
1.264247
19.877111
3.122040
-6.536200
0.570082
1.471008
-1.724419
4.665211
-2.612626
-9.723658
-7.404703
1.519949
20.361995
-10.877096
-11.558504
5.789554
-2.288572
4.976130
6.080738
-7.938137
-1.109165
-20.952489
-18.705807
-12.413174
-3.851160
-11.093135
2.991371
-9.915594
-3.848375
10.668874
4.230527
-10.865316
-2.275310
5.520849
6.750903
-16.710459
10.227892
3.097458
-8.908370
-3.163059
13.014751
-6.927681
-10.965356
9.108698
-17.242449
-4.538127
9.300769
2.986695
-10.009735
0.273044
-6.618660
4.319213
0.858818
-1.490377
-13.105281
4.740072
1.872843
-15.822766
-6.449493
10.351820
-5.112470
5.952853
0.449438
14.056415
25.205333
-15.265301
4.209693
-2.026018
3.092933
11.863050
0.915752
-8.312029
-3.049085
0.428465
-26.488897
-33.089421
10.533173
1.972407
-8.750008
5.668186
-14.927132
-5.154887
-14.854264
-6.794669
-14.768149
3.977355
15.079107
-5.925808
17.234729
-1.423378
2.039856
-21.337313
16.999669
2.801409
1.195574
-0.282680
-4.975411
-0.024617
-17.274961
0.883928
21.338344
-15.835553
17.610947
-2.511253
17.109495
-5.596997
6.497567
12.027125
-6.191348
-2.976306
-22.210651
-10.603177
-8.455842
-0.425216
-1.566876
-16.252269
9.409493
-8.431474
20.934604
5.189611
2.324039
-14.759436
13.415212
11.347788
11.805430
5.972937
22.379561
13.306917
11.870738
11.223054
-6.709739
-12.625835
-5.211989
-3.768786
-4.160141
-4.789827
6.762076
-4.056708
-3.354936
-7.442623
-0.275367
16.395780
13.066612
0.464385
12.323070
2.981576
-9.128577
7.867121
11.663988
-12.088680
-4.381466
10.613227
-10.440537
-13.128079
-7.290550
-14.147887
3.217099
-13.686552
-1.709657
-6.369497
13.928131
-12.581617
5.889275
-9.180813
-14.319405
-9.114169
-2.831138
8.782559
-2.879573
17.891001
-0.219157
7.632935
-11.553921
11.998960
1.023311
-1.659845
-5.664581
15.871454
1.059441
15.414179
5.084563
-17.581331
3.448214
-15.204479
16.402764
-7.367236
-1.915861
8.664157
-7.507177
15.197862
-2.343344
-5.787541
9.147208
9.220279
7.481621
-12.720308
10.741845
-2.091757
-2.193303
-20.142972
-11.157065
-6.344205
-0.781230
18.150998
6.810008
15.176044
0.788456
0.553760
1.511823
-2.166511
-9.711649
2.321114
14.306261
6.289333
10.989322
20.444573
4.489661
-1.948287
6.954075
13.589201
3.089045
-1.162571
1.218911
-2.610347
3.326328
-2.434119
-8.061570
-11.015427
21.884058
16.246375
-2.093421
-4.795424
-0.831986
7.480052
7.186293
1.131744
10.424859
-2.874159
0.272346
-1.499955
10.453273
-3.292043
-4.958965
-11.394360
-2.788272
27.101226
20.623828
6.466225
-30.319566
-25.680549
0.071530
24.838684
-19.694992
1.863812
4.125018
3.592380
-2.206532
1.292718
12.231854
-8.730499
-1.835864
3.587471
-15.347980
-18.429252
8.804281
-3.643220
2.143467
-5.804254
1.847738
3.975680
4.060746
-1.220094
11.182668
23.629469
7.954738
-8.193724
-4.930421
-1.055252
-7.697066
2.210969
1.117516
1.665103
-0.366772
-8.169448
0.914336
-3.481438
15.113110
2.463101
-3.728322
-4.203283
9.006289
12.352860
-18.932054
0.515153
5.553461
1.091625
-7.530603
-12.494805
-0.047054
6.057581
-21.683254
7.246212
-7.425566
1.754917
8.123278
-7.560578
21.371993
-9.877336
2.358704
8.514087
-6.998853
-5.502274
-3.320552
16.208327
-2.850422
-6.300648
5.379139
-19.245766
8.312443
-13.120353
-3.986088
-4.960042
2.876870
-16.346723
2.782782
2.377508
14.519734
1.328690
7.156297
-2.849109
7.900436
-8.398921
-1.046381
0.253358
-7.609305
1.811367
-16.254922
-3.613015
-5.275110
-0.776940
-9.375474
8.230195
14.182079
0.348057
10.368174
9.002288
5.737142
-2.053982
2.681480
-3.935716
0.382648
-8.224271
-16.724374
-16.744161
-5.728779
20.806056
20.342690
5.797070
6.323740
-0.173847
4.184115
3.088650
-14.974086
4.215930
6.531801
3.778955
4.715671
-6.611412
-16.730198
-0.774979
-4.421300
26.316363
-7.867550
-1.138766
-0.595328
24.088530
8.624567
5.138101
-23.883882
0.339630
-7.954832
0.799634
-4.361474
11.804619
12.910974
-4.132679
-12.686332
5.222981
-13.057354
10.248389
2.792295
-6.808864
-3.535127
9.610202
1.030167
2.854534
9.772748
-11.442490
-5.128905
-9.709416
20.920853
7.208382
-2.920561
-5.513484
3.014287
-7.488775
1.065568
-5.064957
-0.658267
-2.825410
-13.988146
12.307971
-18.448599
-2.317889
-6.969920
13.315825
7.296518
-9.350605
-2.207758
-1.916957
4.367666
-11.732318
4.114746
-5.063117
6.922840
-6.331680
9.017469
7.866202
11.262835
12.039472
-10.744093
-0.892806
-12.804210
21.794715
-16.606239
-18.245509
-2.945264
-7.109466
22.618569
-4.243995
8.740677
11.874977
8.289833
6.736278
-1.619258
-3.342465
16.701816
12.355512
2.048616
-8.808072
25.091360
11.512497
6.054801
14.159104
9.255236
10.205022
14.046107
4.924207
-9.546207
25.763914
-9.210723
6.225860
12.161839
1.321049
6.219545
4.759390
13.528127
-12.640473
17.222389
-16.885501
6.379032
5.089141
6.877768
-4.443865
7.764852
8.304219
5.184398
17.705094
-0.449162
5.292795
-4.499396
15.411527
1.445749
-3.659441
-7.172319
8.347885
19.769562
7.132913
-1.504754
-7.579061
-2.338400
7.576097
0.148033
-5.140080
-1.705229
-1.170796
5.854576
-11.550200
-2.376749
-11.869772
0.102193
-7.637046
-2.681546
-2.899994
-0.567701
12.342914
-2.490764
-4.349307
14.327013
-0.706526
-21.945499
1.935580
1.916550
0.324652
-1.904169
2.822581
6.889667
10.627797
8.400381
-7.101795
-9.130493
-11.491017
-3.736129
15.810408
-14.771113
-9.338866
-3.594777
-4.627571
-12.462964
2.097684
-7.286254
-5.176120
-12.585599
8.680014
-15.584832
-18.172699
-1.708314
-10.255796
-0.337018
4.944902
-3.075478
-6.568704
-15.071923
4.876360
-1.659714
-14.138841
-17.509134
-5.644042
-11.385756
9.295442
2.356871
-13.737995
-5.788329
5.563122
-14.644585
6.291996
-2.188340
0.737870
-8.918018
-4.799280
16.596844
0.080693
11.411354
2.370226
-12.326015
-11.813470
-4.756311
-5.752371
-14.658601
1.769244
6.771964
-6.858955
4.632008
-16.519629
1.950661
-12.037292
-15.770387
0.926024
-20.240923
4.580838
14.193893
-9.983420
1.111509
-20.039937
-1.449805
12.271378
-8.856596
-12.421663
-8.314218
-1.622598
-4.979649
3.712850
4.819911
-35.606289
3.435533
-0.770578
-5.104462
4.415509
-7.215395
7.457286
4.044523
-7.863287
2.296793
4.347334
-6.446010
-0.656789
-1.182688
-19.427421
11.039183
8.400160
5.490118
-10.023249
3.060198
-3.810548
1.558423
1.023110
1.608610
7.511184
4.162140
3.807888
-0.115717
-6.432780
-8.635644
1.351382
2.037017
-5.282990
3.408626
-2.881424
15.280394
-3.712289
15.142501
4.477015
12.258242
1.844599
3.002660
-18.891685
-0.447834
10.587619
3.650880
8.391603
5.950279
-13.938468
-3.074238
9.727200
13.239958
3.334720
21.997317
4.602075
3.963222
4.970589
21.390307
0.337546
-5.850415
2.896163
-13.904063
9.024005
0.351201
17.529099
0.957254
-13.431264
-33.652094
-2.260204
-1.253750
-8.616569
5.549817
9.898377
5.591987
-8.378964
4.072941
7.070640
-7.214421
11.216811
-11.240050
-19.524657
13.185771
4.166465
4.147760
2.886549
-35.546357
-16.592342
-7.610295
2.832626
1.821071
3.612935
10.507651
5.983823
2.834450
5.615768
0.100746
-2.760765
6.247900
-10.442579
-3.061932
-8.291143
-6.263902
-11.073375
14.924458
2.324584
20.250530
5.062715
12.278473
-15.025894
-17.826248
-3.463172
1.245688
-15.983147
-2.890638
12.688047
8.648359
5.542093
-4.246390
15.908638
-10.502877
4.308035
