3.0,1.0,29.0,3.0,6.0,6.0,0.0,0.0,3.0,0.0,0.0,0.0,0.0,1.0,0.0,0.0,0.0,1.0,0.0
6.0,3.0,0.0,0.0,1.0,1.0,0.0,0.0,5.0,0.0,0.0,0.0,0.0,0.0,0.0,1.0,1.0,1.0,0.0
4.0,2.0,1247.0,7.0,10.0,5.0,0.0,2.0,3.0,0.0,0.0,0.0,0.0,1.0,0.0,0.0,1.0,0.0,0.0
2.0,3.0,2777.0,28.0,2.0,0.0,0.0,3.0,2.0,0.0,0.0,0.0,0.0,0.0,0.0,0.0,0.0,0.0,0.0
6.0,2.0,7690.0,15.0,1.0,1.0,0.0,0.0,3.0,0.0,1.0,1.0,1.0,6.0,0.0,0.0,0.0,0.0,0.0
5.0,1.0,1.0,0.0,8.0,2.0,0.0,0.0,2.0,0.0,0.0,0.0,0.0,0.0,0.0,0.0,0.0,0.0,0.0
3.0,1.0,31.0,10.0,6.0,0.0,3.0,0.0,3.0,0.0,0.0,0.0,0.0,0.0,0.0,0.0,0.0,0.0,0.0
4.0,1.0,113.0,3.0,3.0,5.0,0.0,0.0,2.0,0.0,0.0,0.0,0.0,1.0,0.0,0.0,0.0,0.0,0.0
5.0,1.0,47.0,1.0,10.0,3.0,0.0,0.0,4.0,4.0,0.0,0.0,0.0,0.0,0.0,0.0,0.0,1.0,0.0
2.0,3.0,8512.0,119.0,6.0,0.0,0.0,0.0,4.0,1.0,0.0,0.0,0.0,22.0,0.0,0.0,0.0,0.0,1.0
1.0,4.0,0.0,0.0,1.0,1.0,0.0,0.0,6.0,0.0,1.0,1.0,1.0,0.0,0.0,0.0,1.0,1.0,1.0
3.0,1.0,111.0,9.0,5.0,6.0,0.0,3.0,5.0,0.0,0.0,0.0,0.0,1.0,0.0,0.0,1.0,1.0,0.0
5.0,1.0,678.0,35.0,10.0,3.0,0.0,0.0,3.0,0.0,0.0,0.0,1.0,14.0,0.0,0.0,1.0,1.0,0.0
4.0,1.0,474.0,8.0,3.0,1.0,3.0,0.0,3.0,0.0,0.0,0.0,0.0,1.0,0.0,0.0,0.0,0.0,0.0
4.0,4.0,4.0,0.0,6.0,0.0,1.0,2.0,5.0,0.0,0.0,0.0,0.0,1.0,0.0,0.0,0.0,1.0,0.0
4.0,1.0,623.0,2.0,10.0,5.0,1.0,0.0,5.0,0.0,0.0,0.0,0.0,1.0,0.0,0.0,0.0,0.0,0.0
2.0,3.0,757.0,11.0,2.0,0.0,0.0,2.0,3.0,0.0,0.0,0.0,1.0,1.0,0.0,0.0,0.0,0.0,0.0
2.0,4.0,1139.0,28.0,2.0,0.0,0.0,3.0,3.0,0.0,0.0,0.0,0.0,0.0,0.0,0.0,0.0,0.0,0.0
6.0,3.0,0.0,0.0,1.0,1.0,0.0,0.0,4.0,1.0,1.0,1.0,1.0,15.0,0.0,0.0,0.0,0.0,0.0
1.0,4.0,115.0,10.0,2.0,6.0,0.0,5.0,3.0,0.0,0.0,0.0,0.0,1.0,0.0,1.0,0.0,0.0,0.0
3.0,1.0,9.0,1.0,6.0,1.0,0.0,0.0,3.0,0.0,0.0,0.0,0.0,0.0,0.0,0.0,1.0,1.0,0.0
3.0,1.0,43.0,5.0,6.0,1.0,0.0,0.0,2.0,0.0,1.0,0.0,0.0,0.0,0.0,0.0,0.0,0.0,0.0
1.0,4.0,0.0,0.0,1.0,1.0,0.0,0.0,6.0,1.0,0.0,0.0,0.0,10.0,0.0,0.0,0.0,1.0,0.0
2.0,3.0,284.0,8.0,2.0,0.0,0.0,3.0,3.0,0.0,0.0,0.0,0.0,0.0,0.0,0.0,0.0,0.0,0.0
1.0,4.0,21.0,5.0,2.0,0.0,0.0,3.0,2.0,0.0,0.0,0.0,0.0,0.0,0.0,0.0,0.0,0.0,0.0
4.0,1.0,28.0,0.0,10.0,5.0,0.0,3.0,4.0,0.0,0.0,0.0,0.0,0.0,0.0,1.0,0.0,0.0,0.0
3.0,4.0,1.0,0.0,6.0,1.0,0.0,0.0,3.0,0.0,1.0,0.0,0.0,0.0,0.0,0.0,0.0,0.0,0.0
6.0,2.0,18.0,1.0,1.0,1.0,0.0,0.0,7.0,0.0,2.0,1.0,1.0,0.0,0.0,0.0,1.0,1.0,0.0
2.0,4.0,91.0,0.0,3.0,0.0,3.0,0.0,3.0,0.0,0.0,0.0,0.0,0.0,0.0,0.0,0.0,0.0,0.0
4.0,2.0,268.0,1.0,10.0,5.0,0.0,3.0,3.0,0.0,0.0,0.0,0.0,0.0,0.0,0.0,0.0,0.0,0.0
4.0,4.0,10.0,1.0,1.0,5.0,0.0,5.0,4.0,0.0,0.0,0.0,0.0,0.0,0.0,0.0,0.0,0.0,0.0
3.0,1.0,249.0,61.0,4.0,1.0,0.0,3.0,3.0,0.0,0.0,0.0,0.0,0.0,0.0,0.0,0.0,0.0,0.0
3.0,4.0,0.0,0.0,1.0,1.0,0.0,1.0,3.0,0.0,0.0,0.0,0.0,0.0,0.0,0.0,1.0,0.0,0.0
3.0,1.0,132.0,10.0,6.0,1.0,0.0,9.0,2.0,0.0,1.0,0.0,1.0,0.0,0.0,0.0,0.0,0.0,0.0
1.0,4.0,0.0,0.0,1.0,1.0,0.0,0.0,3.0,1.0,0.0,0.0,0.0,7.0,0.0,1.0,0.0,1.0,0.0
4.0,4.0,246.0,6.0,3.0,2.0,3.0,0.0,3.0,0.0,0.0,0.0,0.0,0.0,0.0,0.0,0.0,0.0,0.0
2.0,4.0,215.0,1.0,1.0,4.0,0.0,0.0,5.0,0.0,0.0,0.0,0.0,0.0,0.0,1.0,0.0,0.0,0.0
1.0,4.0,112.0,4.0,2.0,0.0,0.0,3.0,2.0,0.0,0.0,0.0,0.0,5.0,0.0,0.0,0.0,0.0,0.0
5.0,1.0,1.0,5.0,7.0,3.0,0.0,0.0,6.0,1.0,1.0,1.0,1.0,0.0,0.0,0.0,1.0,1.0,1.0
3.0,4.0,103.0,0.0,6.0,1.0,0.0,0.0,3.0,0.0,1.0,0.0,0.0,0.0,0.0,0.0,0.0,0.0,0.0
5.0,1.0,3268.0,684.0,6.0,4.0,0.0,3.0,4.0,1.0,0.0,0.0,0.0,0.0,0.0,0.0,1.0,0.0,0.0
5.0,1.0,1648.0,39.0,6.0,2.0,0.0,3.0,3.0,0.0,0.0,0.0,0.0,0.0,0.0,0.0,1.0,0.0,1.0
3.0,4.0,70.0,3.0,1.0,0.0,3.0,0.0,3.0,0.0,0.0,0.0,0.0,0.0,0.0,0.0,0.0,0.0,0.0
3.0,1.0,301.0,57.0,6.0,0.0,3.0,0.0,3.0,0.0,0.0,0.0,0.0,0.0,0.0,0.0,0.0,0.0,0.0
1.0,4.0,11.0,2.0,1.0,1.0,0.0,0.0,3.0,0.0,0.0,1.0,0.0,0.0,0.0,1.0,0.0,0.0,0.0
5.0,1.0,372.0,118.0,9.0,7.0,0.0,0.0,2.0,1.0,0.0,0.0,0.0,1.0,0.0,0.0,0.0,0.0,0.0
5.0,1.0,181.0,6.0,10.0,3.0,0.0,0.0,2.0,0.0,0.0,0.0,0.0,0.0,0.0,0.0,1.0,0.0,0.0
6.0,1.0,0.0,0.0,1.0,1.0,0.0,0.0,4.0,0.0,0.0,0.0,0.0,1.0,0.0,0.0,1.0,1.0,0.0
5.0,1.0,236.0,3.0,10.0,6.0,0.0,3.0,3.0,1.0,0.0,0.0,0.0,0.0,0.0,0.0,0.0,0.0,0.0
4.0,2.0,30.0,1.0,10.0,5.0,2.0,0.0,4.0,0.0,0.0,0.0,0.0,0.0,0.0,0.0,1.0,0.0,0.0
4.0,1.0,1760.0,3.0,8.0,2.0,0.0,0.0,1.0,0.0,0.0,0.0,0.0,0.0,0.0,0.0,0.0,0.0,0.0
3.0,1.0,0.0,0.0,4.0,0.0,0.0,2.0,3.0,0.0,0.0,0.0,0.0,0.0,0.0,0.0,1.0,0.0,0.0
4.0,2.0,587.0,9.0,10.0,1.0,1.0,2.0,3.0,0.0,0.0,0.0,0.0,0.0,0.0,0.0,0.0,0.0,0.0
5.0,1.0,333.0,13.0,10.0,2.0,0.0,14.0,4.0,0.0,0.0,0.0,1.0,1.0,1.0,0.0,0.0,0.0,0.0
4.0,4.0,1240.0,7.0,3.0,2.0,3.0,0.0,3.0,0.0,0.0,0.0,0.0,0.0,0.0,0.0,0.0,0.0,0.0
6.0,1.0,0.0,0.0,10.0,1.0,0.0,0.0,3.0,0.0,0.0,0.0,0.0,1.0,0.0,0.0,1.0,0.0,0.0
4.0,4.0,1031.0,2.0,8.0,2.0,0.0,0.0,2.0,0.0,0.0,0.0,0.0,1.0,1.0,0.0,0.0,0.0,0.0
4.0,2.0,2.0,1.0,1.0,4.0,0.0,4.0,4.0,0.0,0.0,0.0,0.0,0.0,0.0,0.0,0.0,0.0,0.0
3.0,1.0,0.0,0.0,3.0,0.0,0.0,2.0,2.0,0.0,0.0,0.0,0.0,0.0,0.0,0.0,0.0,0.0,0.0
5.0,1.0,1566.0,2.0,10.0,6.0,3.0,0.0,3.0,2.0,0.0,0.0,0.0,1.0,1.0,1.0,1.0,0.0,0.0
1.0,4.0,0.0,0.0,1.0,1.0,0.0,0.0,7.0,0.0,2.0,1.0,1.0,0.0,0.0,0.0,1.0,1.0,0.0
4.0,4.0,447.0,20.0,8.0,2.0,0.0,0.0,2.0,0.0,0.0,0.0,0.0,1.0,0.0,0.0,0.0,0.0,0.0
4.0,2.0,783.0,12.0,10.0,5.0,0.0,5.0,5.0,0.0,0.0,0.0,0.0,1.0,0.0,1.0,1.0,0.0,0.0
5.0,1.0,140.0,16.0,10.0,4.0,0.0,0.0,3.0,0.0,0.0,0.0,0.0,2.0,1.0,0.0,0.0,0.0,0.0
3.0,1.0,41.0,14.0,6.0,1.0,0.0,3.0,3.0,0.0,0.0,0.0,0.0,0.0,0.0,0.0,0.0,0.0,0.0
1.0,4.0,0.0,0.0,6.0,1.0,0.0,1.0,3.0,0.0,0.0,0.0,0.0,6.0,0.0,0.0,0.0,0.0,0.0
6.0,2.0,268.0,2.0,1.0,1.0,0.0,0.0,3.0,0.0,1.0,1.0,1.0,4.0,0.0,0.0,0.0,0.0,0.0
1.0,4.0,128.0,3.0,2.0,0.0,0.0,3.0,2.0,0.0,0.0,0.0,0.0,0.0,0.0,0.0,0.0,0.0,0.0
4.0,1.0,1267.0,5.0,3.0,2.0,0.0,3.0,3.0,1.0,0.0,0.0,0.0,0.0,0.0,0.0,0.0,0.0,0.0
4.0,1.0,925.0,56.0,10.0,2.0,3.0,0.0,2.0,0.0,0.0,0.0,0.0,0.0,0.0,0.0,0.0,0.0,0.0
6.0,3.0,0.0,0.0,1.0,1.0,0.0,0.0,4.0,1.0,1.0,1.0,1.0,5.0,0.0,0.0,0.0,0.0,0.0
5.0,1.0,121.0,18.0,10.0,6.0,0.0,5.0,3.0,1.0,0.0,0.0,0.0,1.0,0.0,0.0,0.0,0.0,0.0
5.0,1.0,195.0,9.0,8.0,2.0,0.0,3.0,4.0,0.0,0.0,0.0,0.0,1.0,0.0,0.0,0.0,0.0,0.0
3.0,1.0,324.0,4.0,6.0,1.0,0.0,0.0,3.0,0.0,1.0,0.0,0.0,0.0,0.0,0.0,0.0,0.0,0.0
5.0,1.0,212.0,1.0,8.0,2.0,0.0,2.0,3.0,0.0,0.0,0.0,0.0,0.0,0.0,0.0,1.0,0.0,0.0
5.0,1.0,804.0,84.0,6.0,2.0,1.0,0.0,2.0,0.0,0.0,0.0,0.0,1.0,1.0,0.0,0.0,0.0,0.0
2.0,4.0,76.0,2.0,2.0,0.0,0.0,0.0,3.0,0.0,0.0,0.0,4.0,2.0,0.0,0.0,0.0,0.0,0.0
6.0,2.0,463.0,3.0,1.0,5.0,0.0,0.0,4.0,0.0,0.0,0.0,0.0,5.0,0.0,1.0,0.0,1.0,0.0
2.0,3.0,407.0,3.0,2.0,0.0,0.0,3.0,6.0,1.0,0.0,0.0,0.0,1.0,0.0,0.0,1.0,1.0,1.0
2.0,3.0,1285.0,14.0,2.0,0.0,3.0,0.0,2.0,0.0,0.0,0.0,0.0,0.0,0.0,0.0,0.0,0.0,0.0
6.0,1.0,300.0,48.0,10.0,0.0,0.0,0.0,4.0,0.0,0.0,0.0,0.0,4.0,0.0,1.0,0.0,0.0,0.0
3.0,1.0,313.0,36.0,5.0,6.0,0.0,2.0,2.0,0.0,0.0,0.0,0.0,0.0,0.0,0.0,0.0,0.0,0.0
3.0,4.0,92.0,10.0,6.0,0.0,0.0,0.0,5.0,1.0,0.0,0.0,0.0,0.0,0.0,0.0,1.0,0.0,0.0
1.0,4.0,9.0,3.0,2.0,0.0,0.0,5.0,3.0,0.0,0.0,0.0,0.0,1.0,0.0,1.0,0.0,0.0,0.0
5.0,1.0,11.0,0.0,8.0,2.0,0.0,0.0,2.0,0.0,0.0,0.0,0.0,0.0,0.0,0.0,0.0,0.0,0.0
3.0,1.0,237.0,22.0,6.0,6.0,3.0,0.0,7.0,0.0,0.0,0.0,0.0,2.0,0.0,0.0,1.0,1.0,1.0
4.0,2.0,26.0,5.0,10.0,5.0,3.0,0.0,4.0,0.0,0.0,0.0,0.0,0.0,0.0,0.0,0.0,0.0,1.0
3.0,1.0,0.0,0.0,6.0,0.0,0.0,2.0,2.0,0.0,0.0,0.0,0.0,0.0,0.0,0.0,0.0,0.0,0.0
4.0,1.0,0.0,0.0,6.0,0.0,0.0,3.0,4.0,0.0,0.0,0.0,0.0,2.0,0.0,1.0,0.0,0.0,0.0
5.0,1.0,2150.0,9.0,8.0,2.0,0.0,0.0,2.0,0.0,0.0,0.0,0.0,0.0,0.0,0.0,1.0,0.0,1.0
4.0,4.0,196.0,6.0,3.0,2.0,3.0,0.0,3.0,0.0,0.0,0.0,0.0,1.0,0.0,0.0,0.0,0.0,0.0
4.0,2.0,0.0,0.0,1.0,1.0,0.0,0.0,3.0,0.0,0.0,0.0,0.0,0.0,0.0,0.0,0.0,0.0,0.0
4.0,4.0,72.0,3.0,1.0,5.0,0.0,3.0,3.0,0.0,0.0,0.0,0.0,0.0,0.0,0.0,0.0,0.0,0.0
5.0,1.0,1.0,3.0,7.0,3.0,0.0,2.0,2.0,0.0,0.0,0.0,0.0,5.0,1.0,0.0,0.0,0.0,0.0
6.0,2.0,30.0,0.0,1.0,1.0,0.0,0.0,4.0,0.0,0.0,0.0,0.0,5.0,0.0,1.0,0.0,0.0,0.0
4.0,1.0,637.0,5.0,10.0,2.0,0.0,0.0,2.0,0.0,0.0,0.0,0.0,1.0,0.0,0.0,0.0,0.0,0.0
4.0,2.0,1221.0,29.0,6.0,1.0,0.0,3.0,5.0,0.0,1.0,1.0,0.0,0.0,0.0,0.0,0.0,0.0,0.0
5.0,1.0,99.0,39.0,10.0,7.0,0.0,0.0,4.0,1.0,0.0,0.0,0.0,0.0,0.0,0.0,1.0,0.0,0.0
5.0,1.0,288.0,2.0,8.0,2.0,0.0,3.0,4.0,0.0,0.0,0.0,0.0,1.0,0.0,1.0,0.0,0.0,0.0
3.0,4.0,505.0,38.0,2.0,0.0,0.0,3.0,2.0,0.0,0.0,0.0,0.0,0.0,0.0,0.0,0.0,0.0,0.0
5.0,1.0,66.0,15.0,10.0,3.0,2.0,0.0,4.0,0.0,0.0,0.0,0.0,0.0,0.0,0.0,1.0,1.0,0.0
4.0,3.0,0.0,0.0,1.0,1.0,0.0,0.0,7.0,0.0,1.0,1.0,1.0,0.0,0.0,0.0,1.0,0.0,0.0
1.0,4.0,0.0,0.0,1.0,1.0,0.0,0.0,5.0,0.0,0.0,0.0,0.0,2.0,0.0,1.0,0.0,0.0,0.0
1.0,4.0,0.0,0.0,1.0,1.0,5.0,0.0,4.0,0.0,0.0,0.0,0.0,0.0,0.0,0.0,1.0,1.0,1.0
4.0,1.0,2506.0,20.0,8.0,2.0,0.0,3.0,4.0,0.0,0.0,0.0,0.0,0.0,0.0,1.0,0.0,0.0,0.0
2.0,4.0,63.0,0.0,6.0,1.0,0.0,5.0,4.0,0.0,0.0,0.0,0.0,1.0,0.0,0.0,0.0,0.0,0.0
4.0,2.0,17.0,1.0,10.0,1.0,0.0,5.0,7.0,0.0,0.0,0.0,0.0,0.0,0.0,0.0,1.0,0.0,0.0
3.0,1.0,41.0,6.0,4.0,1.0,0.0,0.0,2.0,0.0,1.0,0.0,0.0,0.0,0.0,0.0,0.0,0.0,0.0
5.0,1.0,185.0,10.0,8.0,2.0,0.0,3.0,4.0,0.0,0.0,0.0,0.0,2.0,0.0,0.0,0.0,0.0,0.0
5.0,1.0,36.0,18.0,7.0,3.0,0.0,0.0,3.0,1.0,0.0,0.0,1.0,1.0,0.0,0.0,0.0,0.0,0.0
4.0,2.0,945.0,18.0,10.0,5.0,0.0,0.0,4.0,0.0,0.0,0.0,0.0,0.0,0.0,1.0,0.0,0.0,0.0
5.0,1.0,514.0,49.0,10.0,3.0,0.0,5.0,3.0,0.0,0.0,0.0,0.0,0.0,0.0,0.0,0.0,0.0,0.0
4.0,1.0,57.0,2.0,3.0,7.0,0.0,5.0,4.0,0.0,0.0,0.0,1.0,1.0,0.0,0.0,0.0,0.0,0.0
6.0,2.0,1.0,0.0,10.0,1.0,0.0,0.0,2.0,0.0,1.0,0.0,1.0,0.0,0.0,0.0,0.0,0.0,0.0
2.0,4.0,5.0,1.0,1.0,1.0,0.0,0.0,3.0,0.0,0.0,0.0,0.0,0.0,0.0,1.0,0.0,0.0,0.0
4.0,1.0,164.0,7.0,8.0,2.0,0.0,0.0,2.0,1.0,0.0,0.0,0.0,1.0,1.0,0.0,0.0,0.0,0.0
5.0,1.0,781.0,45.0,9.0,2.0,0.0,0.0,2.0,0.0,0.0,0.0,0.0,1.0,1.0,0.0,0.0,0.0,0.0
1.0,4.0,0.0,0.0,1.0,1.0,0.0,0.0,6.0,0.0,1.0,1.0,1.0,0.0,0.0,0.0,1.0,1.0,0.0
6.0,2.0,0.0,0.0,1.0,1.0,0.0,0.0,5.0,0.0,1.0,1.0,1.0,9.0,0.0,0.0,0.0,0.0,0.0
5.0,1.0,84.0,1.0,8.0,2.0,1.0,3.0,4.0,0.0,0.0,0.0,0.0,0.0,0.0,0.0,0.0,0.0,0.0
4.0,1.0,236.0,13.0,10.0,5.0,0.0,6.0,5.0,1.0,0.0,0.0,0.0,0.0,0.0,0.0,0.0,1.0,0.0
3.0,4.0,245.0,56.0,1.0,1.0,0.0,0.0,3.0,0.0,1.0,1.0,0.0,0.0,0.0,0.0,0.0,0.0,0.0
1.0,4.0,0.0,0.0,1.0,1.0,0.0,0.0,6.0,0.0,0.0,0.0,0.0,0.0,0.0,0.0,1.0,1.0,1.0
1.0,4.0,9363.0,231.0,1.0,1.0,0.0,13.0,3.0,0.0,0.0,0.0,1.0,50.0,0.0,0.0,0.0,0.0,0.0
5.0,1.0,22402.0,274.0,5.0,6.0,0.0,0.0,2.0,0.0,0.0,0.0,0.0,1.0,0.0,0.0,1.0,0.0,0.0
6.0,2.0,15.0,0.0,6.0,1.0,0.0,0.0,4.0,0.0,0.0,0.0,0.0,0.0,0.0,1.0,0.0,1.0,0.0
3.0,1.0,0.0,0.0,6.0,0.0,2.0,0.0,4.0,0.0,0.0,0.0,0.0,0.0,0.0,0.0,1.0,0.0,0.0
2.0,4.0,912.0,15.0,2.0,0.0,0.0,3.0,7.0,0.0,0.0,0.0,0.0,7.0,0.0,0.0,1.0,1.0,0.0
5.0,1.0,333.0,60.0,10.0,6.0,0.0,0.0,2.0,0.0,0.0,0.0,0.0,1.0,0.0,0.0,0.0,0.0,0.0
6.0,3.0,3.0,0.0,1.0,1.0,0.0,0.0,3.0,0.0,0.0,0.0,1.0,5.0,0.0,0.0,0.0,0.0,0.0
3.0,1.0,256.0,22.0,6.0,6.0,0.0,3.0,4.0,0.0,0.0,0.0,0.0,1.0,0.0,0.0,0.0,0.0,0.0
4.0,2.0,905.0,28.0,10.0,5.0,0.0,0.0,4.0,1.0,0.0,0.0,0.0,0.0,0.0,0.0,1.0,1.0,0.0
4.0,2.0,753.0,6.0,10.0,5.0,3.0,0.0,4.0,0.0,0.0,0.0,0.0,0.0,0.0,0.0,0.0,1.0,0.0
4.0,2.0,391.0,8.0,10.0,5.0,0.0,7.0,5.0,0.0,0.0,0.0,0.0,1.0,0.0,1.0,1.0,1.0,0.0
